======== Average result summary ========
Metric:  |  MAE  |  NMAE  |  RMSE  |  MRE  |  NNPRE  |  SNR  
rate=0.05: 0.0311  0.2020  0.0470  0.4132  4.4395  12.0144
rate=0.10: 0.0294  0.1910  0.0457  0.3887  4.1959  12.2488
rate=0.15: 0.0278  0.1804  0.0445  0.3675  4.0079  12.4959
rate=0.20: 0.0261  0.1698  0.0431  0.3465  3.8335  12.7564
rate=0.25: 0.0245  0.1592  0.0418  0.3241  3.6596  13.0410
rate=0.30: 0.0229  0.1485  0.0403  0.3029  3.5039  13.3454
rate=0.35: 0.0212  0.1379  0.0389  0.2810  3.3215  13.6665
rate=0.40: 0.0196  0.1273  0.0374  0.2600  3.1452  14.0065
rate=0.45: 0.0179  0.1166  0.0358  0.2384  2.9669  14.3901
rate=0.50: 0.0163  0.1062  0.0342  0.2177  2.7877  14.7861
rate=0.55: 0.0147  0.0955  0.0324  0.1946  2.5626  15.2541
rate=0.60: 0.0131  0.0848  0.0305  0.1733  2.3460  15.7693
rate=0.65: 0.0114  0.0741  0.0285  0.1513  2.1013  16.3676
rate=0.70: 0.0098  0.0636  0.0264  0.1291  1.8538  17.0209
rate=0.75: 0.0082  0.0532  0.0242  0.1083  1.6145  17.7873
rate=0.80: 0.0066  0.0426  0.0216  0.0873  1.3430  18.7580
rate=0.85: 0.0049  0.0321  0.0188  0.0662  1.0504  19.9742
rate=0.90: 0.0033  0.0213  0.0152  0.0433  0.7372  21.7954
rate=0.95: 0.0016  0.0106  0.0106  0.0213  0.4314  24.9154

======== Detailed results ========
rate=0.05: 20 rounds
------------------------------------------------
0.0311  0.2021  0.0470  0.4142  4.4817  12.0149
0.0311  0.2020  0.0470  0.4143  4.4790  12.0149
0.0311  0.2019  0.0470  0.4112  4.4355  12.0118
0.0311  0.2024  0.0470  0.4143  4.4117  12.0061
0.0311  0.2021  0.0470  0.4149  4.4414  12.0225
0.0311  0.2019  0.0469  0.4129  4.3828  12.0231
0.0311  0.2019  0.0470  0.4131  4.4058  12.0173
0.0311  0.2019  0.0470  0.4125  4.4448  12.0057
0.0311  0.2018  0.0470  0.4100  4.4445  12.0169
0.0310  0.2018  0.0470  0.4129  4.4382  12.0115
0.0311  0.2019  0.0469  0.4096  4.4474  12.0264
0.0312  0.2025  0.0470  0.4183  4.4870  12.0116
0.0311  0.2023  0.0471  0.4147  4.4337  12.0040
0.0311  0.2020  0.0471  0.4139  4.4389  12.0010
0.0311  0.2020  0.0471  0.4142  4.4587  12.0012
0.0311  0.2020  0.0470  0.4153  4.4422  12.0185
0.0311  0.2019  0.0470  0.4094  4.4118  12.0105
0.0310  0.2017  0.0470  0.4079  4.3833  12.0150
0.0311  0.2020  0.0470  0.4134  4.4269  12.0199
0.0311  0.2020  0.0469  0.4161  4.4958  12.0345

rate=0.10: 20 rounds
------------------------------------------------
0.0295  0.1914  0.0458  0.3883  4.1780  12.2340
0.0294  0.1911  0.0457  0.3893  4.1581  12.2515
0.0294  0.1909  0.0457  0.3861  4.1689  12.2555
0.0294  0.1912  0.0458  0.3867  4.1640  12.2412
0.0294  0.1912  0.0457  0.3901  4.1780  12.2530
0.0294  0.1909  0.0457  0.3901  4.1968  12.2482
0.0294  0.1909  0.0457  0.3899  4.1745  12.2566
0.0294  0.1911  0.0458  0.3902  4.2042  12.2367
0.0294  0.1910  0.0457  0.3867  4.1745  12.2558
0.0293  0.1906  0.0457  0.3889  4.1751  12.2651
0.0294  0.1909  0.0457  0.3842  4.1674  12.2650
0.0294  0.1912  0.0457  0.3928  4.2357  12.2511
0.0294  0.1913  0.0458  0.3912  4.2137  12.2337
0.0294  0.1913  0.0458  0.3919  4.2312  12.2309
0.0294  0.1912  0.0458  0.3886  4.2350  12.2416
0.0294  0.1910  0.0458  0.3904  4.1840  12.2439
0.0294  0.1910  0.0458  0.3857  4.2350  12.2460
0.0294  0.1910  0.0458  0.3861  4.1968  12.2474
0.0294  0.1909  0.0457  0.3864  4.1968  12.2573
0.0294  0.1908  0.0457  0.3900  4.2497  12.2613

rate=0.15: 20 rounds
------------------------------------------------
0.0278  0.1807  0.0445  0.3663  3.9658  12.4886
0.0278  0.1807  0.0445  0.3673  3.9500  12.4857
0.0277  0.1800  0.0444  0.3650  3.9639  12.5100
0.0277  0.1803  0.0445  0.3650  3.9769  12.4964
0.0278  0.1804  0.0445  0.3677  3.9925  12.4970
0.0277  0.1801  0.0444  0.3688  4.0025  12.5066
0.0277  0.1801  0.0443  0.3689  3.9657  12.5194
0.0278  0.1806  0.0445  0.3693  4.0247  12.4837
0.0277  0.1803  0.0444  0.3667  3.9758  12.5097
0.0277  0.1799  0.0443  0.3682  3.9592  12.5335
0.0277  0.1803  0.0444  0.3637  3.9999  12.5098
0.0278  0.1807  0.0445  0.3691  4.0568  12.4891
0.0278  0.1809  0.0446  0.3711  4.0300  12.4745
0.0278  0.1808  0.0446  0.3729  4.0756  12.4668
0.0278  0.1807  0.0446  0.3676  4.0568  12.4768
0.0278  0.1807  0.0445  0.3698  4.0568  12.4803
0.0278  0.1804  0.0445  0.3639  4.0385  12.4911
0.0278  0.1806  0.0445  0.3653  4.0044  12.4917
0.0277  0.1803  0.0444  0.3654  4.0044  12.5045
0.0277  0.1802  0.0444  0.3685  4.0568  12.5033

rate=0.20: 20 rounds
------------------------------------------------
0.0262  0.1701  0.0432  0.3420  3.8085  12.7403
0.0262  0.1699  0.0432  0.3429  3.7805  12.7479
0.0261  0.1696  0.0431  0.3439  3.7910  12.7644
0.0261  0.1698  0.0431  0.3436  3.8085  12.7576
0.0261  0.1697  0.0431  0.3476  3.8249  12.7572
0.0261  0.1696  0.0431  0.3484  3.8131  12.7677
0.0261  0.1695  0.0430  0.3486  3.8198  12.7827
0.0261  0.1698  0.0432  0.3498  3.8613  12.7503
0.0261  0.1698  0.0432  0.3464  3.8131  12.7554
0.0261  0.1695  0.0430  0.3488  3.8102  12.7821
0.0261  0.1698  0.0431  0.3442  3.8102  12.7705
0.0262  0.1701  0.0432  0.3499  3.9024  12.7506
0.0262  0.1700  0.0432  0.3505  3.8256  12.7372
0.0262  0.1701  0.0433  0.3507  3.8697  12.7274
0.0262  0.1700  0.0432  0.3461  3.8528  12.7369
0.0261  0.1698  0.0432  0.3494  3.9024  12.7527
0.0261  0.1695  0.0431  0.3422  3.8212  12.7617
0.0262  0.1700  0.0432  0.3426  3.8250  12.7479
0.0261  0.1696  0.0431  0.3453  3.8578  12.7664
0.0261  0.1695  0.0431  0.3478  3.8722  12.7716

rate=0.25: 20 rounds
------------------------------------------------
0.0246  0.1596  0.0418  0.3221  3.6332  13.0267
0.0245  0.1594  0.0418  0.3225  3.6416  13.0276
0.0245  0.1590  0.0418  0.3225  3.6339  13.0415
0.0245  0.1592  0.0418  0.3229  3.6458  13.0381
0.0245  0.1593  0.0418  0.3263  3.6649  13.0295
0.0245  0.1590  0.0417  0.3268  3.6524  13.0555
0.0244  0.1587  0.0416  0.3264  3.6574  13.0735
0.0245  0.1591  0.0418  0.3266  3.6784  13.0294
0.0245  0.1592  0.0418  0.3247  3.6516  13.0381
0.0244  0.1588  0.0416  0.3239  3.6545  13.0678
0.0245  0.1592  0.0417  0.3223  3.6486  13.0551
0.0245  0.1595  0.0418  0.3274  3.6818  13.0257
0.0245  0.1592  0.0418  0.3237  3.6437  13.0297
0.0245  0.1593  0.0419  0.3271  3.6416  13.0190
0.0245  0.1594  0.0418  0.3238  3.6649  13.0262
0.0245  0.1591  0.0417  0.3276  3.7092  13.0447
0.0245  0.1589  0.0417  0.3188  3.6519  13.0547
0.0245  0.1593  0.0418  0.3189  3.6689  13.0344
0.0245  0.1590  0.0417  0.3210  3.6818  13.0509
0.0245  0.1589  0.0417  0.3261  3.6862  13.0525

rate=0.30: 20 rounds
------------------------------------------------
0.0229  0.1488  0.0404  0.3007  3.4343  13.3330
0.0229  0.1486  0.0404  0.3005  3.4900  13.3387
0.0228  0.1484  0.0403  0.3013  3.4601  13.3554
0.0229  0.1486  0.0404  0.3032  3.5322  13.3373
0.0229  0.1486  0.0404  0.3061  3.5129  13.3333
0.0228  0.1484  0.0403  0.3071  3.5021  13.3494
0.0228  0.1480  0.0401  0.3046  3.4672  13.3965
0.0229  0.1485  0.0403  0.3053  3.5322  13.3436
0.0229  0.1488  0.0404  0.3045  3.4936  13.3335
0.0228  0.1481  0.0402  0.3038  3.5021  13.3767
0.0228  0.1484  0.0402  0.3020  3.4848  13.3616
0.0229  0.1490  0.0404  0.3066  3.5529  13.3257
0.0229  0.1485  0.0404  0.3035  3.4708  13.3332
0.0229  0.1487  0.0405  0.3041  3.4930  13.3149
0.0229  0.1488  0.0404  0.3023  3.5021  13.3231
0.0229  0.1485  0.0403  0.3029  3.5794  13.3440
0.0228  0.1483  0.0402  0.2990  3.5099  13.3635
0.0229  0.1487  0.0404  0.2981  3.5322  13.3285
0.0228  0.1482  0.0403  0.3003  3.5405  13.3545
0.0228  0.1481  0.0402  0.3030  3.4852  13.3615

rate=0.35: 20 rounds
------------------------------------------------
0.0213  0.1383  0.0390  0.2800  3.2555  13.6351
0.0213  0.1383  0.0390  0.2785  3.3142  13.6371
0.0212  0.1380  0.0389  0.2764  3.2782  13.6568
0.0213  0.1381  0.0390  0.2788  3.3402  13.6443
0.0212  0.1380  0.0389  0.2837  3.3531  13.6464
0.0212  0.1379  0.0388  0.2848  3.3275  13.6681
0.0212  0.1375  0.0386  0.2837  3.3066  13.7235
0.0212  0.1380  0.0389  0.2819  3.3584  13.6642
0.0213  0.1383  0.0390  0.2846  3.3066  13.6440
0.0212  0.1374  0.0387  0.2838  3.3188  13.7002
0.0212  0.1378  0.0388  0.2817  3.3173  13.6873
0.0213  0.1383  0.0389  0.2858  3.3792  13.6479
0.0212  0.1378  0.0389  0.2835  3.3155  13.6630
0.0212  0.1380  0.0390  0.2801  3.3102  13.6414
0.0212  0.1379  0.0389  0.2804  3.3270  13.6580
0.0212  0.1378  0.0389  0.2783  3.3648  13.6676
0.0212  0.1376  0.0387  0.2776  3.3252  13.6916
0.0212  0.1379  0.0389  0.2767  3.3270  13.6613
0.0212  0.1374  0.0388  0.2794  3.3713  13.6866
0.0211  0.1372  0.0387  0.2812  3.2331  13.7051

rate=0.40: 20 rounds
------------------------------------------------
0.0197  0.1277  0.0375  0.2597  3.0905  13.9755
0.0197  0.1278  0.0376  0.2566  3.1235  13.9636
0.0197  0.1277  0.0375  0.2552  3.1120  13.9738
0.0197  0.1278  0.0376  0.2589  3.1990  13.9624
0.0196  0.1276  0.0376  0.2629  3.1617  13.9617
0.0196  0.1273  0.0373  0.2592  3.1674  14.0135
0.0196  0.1271  0.0372  0.2628  3.1391  14.0541
0.0196  0.1274  0.0374  0.2605  3.1749  13.9996
0.0197  0.1277  0.0375  0.2636  3.1431  13.9800
0.0195  0.1269  0.0372  0.2625  3.1674  14.0383
0.0196  0.1273  0.0373  0.2607  3.1556  14.0207
0.0197  0.1278  0.0375  0.2654  3.1981  13.9791
0.0196  0.1273  0.0374  0.2628  3.1266  14.0012
0.0196  0.1273  0.0375  0.2605  3.1326  13.9827
0.0196  0.1273  0.0374  0.2600  3.1566  14.0084
0.0196  0.1272  0.0373  0.2575  3.1981  14.0107
0.0195  0.1268  0.0371  0.2551  3.1428  14.0571
0.0195  0.1270  0.0373  0.2559  3.1333  14.0315
0.0195  0.1266  0.0371  0.2583  3.1230  14.0570
0.0195  0.1266  0.0371  0.2614  3.0586  14.0592

rate=0.45: 20 rounds
------------------------------------------------
0.0180  0.1169  0.0358  0.2372  2.8967  14.3722
0.0180  0.1171  0.0359  0.2336  2.9466  14.3462
0.0180  0.1171  0.0359  0.2334  2.9347  14.3516
0.0180  0.1170  0.0360  0.2376  3.0185  14.3405
0.0180  0.1169  0.0360  0.2382  2.9870  14.3415
0.0180  0.1168  0.0358  0.2396  2.9870  14.3757
0.0179  0.1163  0.0355  0.2420  2.9856  14.4418
0.0180  0.1169  0.0358  0.2407  2.9966  14.3749
0.0180  0.1168  0.0358  0.2412  2.9553  14.3837
0.0179  0.1162  0.0356  0.2397  2.9546  14.4331
0.0179  0.1164  0.0356  0.2398  2.9870  14.4198
0.0180  0.1170  0.0358  0.2401  3.0367  14.3694
0.0180  0.1168  0.0359  0.2433  2.9632  14.3638
0.0180  0.1168  0.0359  0.2415  2.9553  14.3587
0.0179  0.1166  0.0357  0.2388  2.9909  14.3941
0.0179  0.1165  0.0357  0.2364  2.9909  14.3997
0.0179  0.1161  0.0355  0.2342  2.9724  14.4402
0.0179  0.1163  0.0356  0.2350  2.9466  14.4195
0.0178  0.1159  0.0355  0.2364  2.9191  14.4479
0.0179  0.1162  0.0356  0.2393  2.9134  14.4274

rate=0.50: 20 rounds
------------------------------------------------
0.0164  0.1064  0.0343  0.2181  2.7205  14.7576
0.0164  0.1065  0.0343  0.2129  2.6955  14.7451
0.0164  0.1068  0.0344  0.2135  2.7624  14.7226
0.0164  0.1067  0.0344  0.2168  2.8613  14.7136
0.0163  0.1062  0.0343  0.2153  2.8050  14.7457
0.0164  0.1065  0.0343  0.2176  2.8150  14.7459
0.0163  0.1058  0.0339  0.2212  2.8273  14.8441
0.0164  0.1064  0.0342  0.2198  2.8004  14.7787
0.0163  0.1062  0.0342  0.2205  2.7731  14.7782
0.0163  0.1057  0.0340  0.2186  2.7649  14.8290
0.0163  0.1059  0.0340  0.2197  2.8431  14.8184
0.0164  0.1066  0.0343  0.2199  2.8613  14.7580
0.0164  0.1063  0.0343  0.2235  2.8256  14.7545
0.0164  0.1064  0.0343  0.2212  2.8050  14.7550
0.0163  0.1061  0.0341  0.2161  2.8248  14.8000
0.0163  0.1061  0.0341  0.2165  2.8248  14.7968
0.0163  0.1056  0.0339  0.2137  2.7753  14.8491
0.0163  0.1059  0.0340  0.2162  2.7658  14.8254
0.0162  0.1054  0.0339  0.2169  2.7145  14.8594
0.0162  0.1055  0.0339  0.2153  2.6892  14.8452

rate=0.55: 20 rounds
------------------------------------------------
0.0147  0.0957  0.0324  0.1946  2.4964  15.2366
0.0148  0.0961  0.0326  0.1915  2.4943  15.2025
0.0148  0.0960  0.0326  0.1908  2.5460  15.1997
0.0148  0.0962  0.0327  0.1918  2.6199  15.1584
0.0147  0.0957  0.0325  0.1939  2.5885  15.2085
0.0148  0.0959  0.0325  0.1962  2.5846  15.2172
0.0146  0.0950  0.0320  0.1948  2.5771  15.3409
0.0147  0.0956  0.0324  0.1949  2.5869  15.2510
0.0147  0.0956  0.0325  0.1977  2.5813  15.2315
0.0146  0.0952  0.0323  0.1981  2.5349  15.2777
0.0147  0.0953  0.0322  0.1963  2.5754  15.2857
0.0147  0.0956  0.0324  0.1958  2.5899  15.2370
0.0147  0.0956  0.0325  0.2000  2.5748  15.2226
0.0147  0.0954  0.0324  0.1969  2.5539  15.2507
0.0146  0.0950  0.0322  0.1917  2.5871  15.3056
0.0146  0.0952  0.0323  0.1911  2.5640  15.2790
0.0146  0.0949  0.0321  0.1904  2.5723  15.3169
0.0147  0.0952  0.0322  0.1945  2.5771  15.2955
0.0146  0.0951  0.0323  0.1952  2.5340  15.2785
0.0146  0.0951  0.0322  0.1961  2.5147  15.2858

rate=0.60: 20 rounds
------------------------------------------------
0.0131  0.0848  0.0305  0.1729  2.2819  15.7708
0.0131  0.0854  0.0307  0.1675  2.3112  15.7178
0.0132  0.0855  0.0308  0.1719  2.3425  15.6964
0.0132  0.0857  0.0309  0.1728  2.4230  15.6488
0.0131  0.0852  0.0308  0.1747  2.3935  15.6969
0.0131  0.0851  0.0306  0.1752  2.3803  15.7444
0.0130  0.0843  0.0301  0.1720  2.3277  15.8782
0.0131  0.0849  0.0304  0.1741  2.3808  15.7950
0.0131  0.0849  0.0306  0.1755  2.3666  15.7550
0.0130  0.0846  0.0304  0.1757  2.3342  15.7925
0.0130  0.0846  0.0304  0.1744  2.3234  15.8006
0.0131  0.0851  0.0306  0.1749  2.3664  15.7500
0.0131  0.0850  0.0307  0.1783  2.3764  15.7230
0.0131  0.0850  0.0306  0.1774  2.3524  15.7482
0.0130  0.0844  0.0303  0.1716  2.3867  15.8139
0.0130  0.0845  0.0304  0.1686  2.3345  15.7985
0.0130  0.0842  0.0302  0.1688  2.2975  15.8492
0.0130  0.0845  0.0303  0.1722  2.3342  15.8323
0.0130  0.0845  0.0304  0.1741  2.3092  15.7912
0.0130  0.0846  0.0305  0.1727  2.2975  15.7828

rate=0.65: 20 rounds
------------------------------------------------
0.0114  0.0741  0.0284  0.1494  2.0283  16.3888
0.0115  0.0745  0.0286  0.1446  2.0780  16.3267
0.0115  0.0747  0.0287  0.1494  2.1128  16.2906
0.0115  0.0749  0.0289  0.1495  2.1808  16.2405
0.0115  0.0745  0.0287  0.1520  2.1177  16.2979
0.0115  0.0746  0.0286  0.1541  2.1602  16.3174
0.0113  0.0736  0.0281  0.1501  2.0711  16.4841
0.0114  0.0742  0.0284  0.1519  2.1203  16.3829
0.0114  0.0743  0.0285  0.1546  2.1216  16.3510
0.0114  0.0739  0.0284  0.1542  2.1199  16.3846
0.0113  0.0737  0.0283  0.1528  2.0711  16.4214
0.0114  0.0743  0.0285  0.1519  2.0930  16.3516
0.0114  0.0744  0.0287  0.1553  2.0816  16.3071
0.0114  0.0742  0.0285  0.1550  2.1052  16.3546
0.0114  0.0739  0.0283  0.1515  2.1177  16.4156
0.0114  0.0739  0.0284  0.1465  2.0779  16.4003
0.0113  0.0736  0.0282  0.1492  2.0967  16.4369
0.0114  0.0739  0.0283  0.1525  2.1137  16.4076
0.0114  0.0738  0.0284  0.1501  2.0829  16.4022
0.0114  0.0738  0.0284  0.1519  2.0754  16.3908

rate=0.70: 20 rounds
------------------------------------------------
0.0098  0.0637  0.0264  0.1278  1.8057  17.0391
0.0098  0.0638  0.0265  0.1229  1.8444  17.0016
0.0099  0.0640  0.0266  0.1260  1.8322  16.9582
0.0099  0.0644  0.0269  0.1271  1.8967  16.8622
0.0098  0.0640  0.0266  0.1309  1.8762  16.9429
0.0099  0.0641  0.0266  0.1310  1.8794  16.9555
0.0097  0.0631  0.0260  0.1238  1.7956  17.1662
0.0098  0.0634  0.0263  0.1258  1.8391  17.0715
0.0098  0.0637  0.0264  0.1319  1.8817  17.0184
0.0097  0.0632  0.0263  0.1298  1.8685  17.0585
0.0097  0.0633  0.0263  0.1307  1.8152  17.0457
0.0098  0.0639  0.0265  0.1289  1.8391  16.9812
0.0098  0.0639  0.0266  0.1320  1.8326  16.9489
0.0098  0.0639  0.0265  0.1333  1.8699  16.9782
0.0098  0.0635  0.0263  0.1305  1.8702  17.0594
0.0098  0.0634  0.0263  0.1260  1.8592  17.0511
0.0097  0.0632  0.0262  0.1285  1.8490  17.0959
0.0098  0.0634  0.0263  0.1323  1.8831  17.0614
0.0097  0.0633  0.0263  0.1308  1.8685  17.0484
0.0097  0.0630  0.0262  0.1316  1.8700  17.0734

rate=0.75: 20 rounds
------------------------------------------------
0.0082  0.0532  0.0241  0.1030  1.5738  17.8269
0.0082  0.0534  0.0242  0.1026  1.6087  17.7761
0.0083  0.0536  0.0244  0.1069  1.6139  17.7183
0.0083  0.0536  0.0245  0.1072  1.6630  17.6634
0.0082  0.0536  0.0245  0.1110  1.6346  17.6764
0.0082  0.0535  0.0244  0.1118  1.6483  17.7098
0.0081  0.0527  0.0237  0.1045  1.5561  17.9516
0.0081  0.0529  0.0240  0.1048  1.5533  17.8649
0.0082  0.0531  0.0242  0.1108  1.6227  17.7963
0.0081  0.0529  0.0241  0.1097  1.6184  17.8134
0.0081  0.0528  0.0241  0.1093  1.5822  17.8045
0.0082  0.0535  0.0245  0.1100  1.6314  17.6883
0.0082  0.0534  0.0245  0.1121  1.6055  17.6860
0.0082  0.0536  0.0244  0.1134  1.6350  17.7139
0.0081  0.0528  0.0239  0.1098  1.6371  17.8774
0.0081  0.0528  0.0240  0.1041  1.6154  17.8533
0.0081  0.0526  0.0239  0.1067  1.6236  17.9001
0.0082  0.0530  0.0241  0.1095  1.6134  17.8287
0.0082  0.0531  0.0242  0.1098  1.6302  17.7845
0.0081  0.0528  0.0241  0.1097  1.6233  17.8126

rate=0.80: 20 rounds
------------------------------------------------
0.0066  0.0427  0.0216  0.0838  1.3138  18.7599
0.0066  0.0427  0.0217  0.0828  1.3579  18.7374
0.0066  0.0430  0.0217  0.0842  1.3436  18.7089
0.0067  0.0432  0.0221  0.0877  1.3865  18.5686
0.0066  0.0431  0.0220  0.0911  1.3739  18.6160
0.0066  0.0431  0.0219  0.0914  1.3859  18.6361
0.0065  0.0421  0.0211  0.0840  1.3059  18.9565
0.0065  0.0424  0.0214  0.0840  1.2949  18.8321
0.0065  0.0424  0.0215  0.0870  1.3415  18.7933
0.0065  0.0423  0.0216  0.0881  1.3221  18.7757
0.0065  0.0424  0.0217  0.0853  1.3417  18.7455
0.0066  0.0428  0.0219  0.0900  1.3590  18.6400
0.0066  0.0427  0.0218  0.0904  1.3085  18.6673
0.0066  0.0428  0.0218  0.0907  1.3358  18.6956
0.0065  0.0421  0.0213  0.0884  1.3679  18.8989
0.0065  0.0423  0.0214  0.0841  1.3469  18.8599
0.0065  0.0421  0.0212  0.0871  1.3358  18.9228
0.0065  0.0423  0.0214  0.0889  1.3324  18.8522
0.0066  0.0426  0.0217  0.0888  1.3454  18.7430
0.0065  0.0424  0.0216  0.0884  1.3604  18.7496

rate=0.85: 20 rounds
------------------------------------------------
0.0049  0.0319  0.0186  0.0623  0.9857  20.0442
0.0049  0.0319  0.0187  0.0619  1.0387  20.0264
0.0050  0.0323  0.0189  0.0643  1.0368  19.9359
0.0050  0.0326  0.0193  0.0664  1.0631  19.7532
0.0050  0.0325  0.0191  0.0704  1.0572  19.8216
0.0050  0.0324  0.0191  0.0705  1.0807  19.8420
0.0049  0.0316  0.0183  0.0647  1.0312  20.2033
0.0049  0.0318  0.0185  0.0642  1.0048  20.1032
0.0049  0.0319  0.0186  0.0658  1.0573  20.0513
0.0049  0.0318  0.0187  0.0651  1.0330  20.0218
0.0049  0.0319  0.0188  0.0652  1.0377  19.9728
0.0050  0.0324  0.0192  0.0692  1.0698  19.8024
0.0050  0.0322  0.0191  0.0706  1.0324  19.8553
0.0050  0.0324  0.0190  0.0679  1.0776  19.8793
0.0049  0.0317  0.0185  0.0672  1.0679  20.1114
0.0049  0.0320  0.0186  0.0649  1.0807  20.0460
0.0049  0.0320  0.0187  0.0666  1.0599  20.0414
0.0049  0.0319  0.0186  0.0639  1.0439  20.0447
0.0050  0.0322  0.0188  0.0677  1.0839  19.9565
0.0049  0.0320  0.0188  0.0650  1.0654  19.9707

rate=0.90: 20 rounds
------------------------------------------------
0.0032  0.0211  0.0150  0.0402  0.7253  21.9201
0.0032  0.0211  0.0150  0.0390  0.7296  21.9182
0.0033  0.0214  0.0152  0.0411  0.7191  21.8212
0.0033  0.0217  0.0157  0.0447  0.7505  21.5370
0.0033  0.0217  0.0157  0.0491  0.7536  21.5178
0.0033  0.0215  0.0156  0.0491  0.7524  21.5897
0.0032  0.0208  0.0147  0.0417  0.7281  22.1286
0.0032  0.0210  0.0149  0.0426  0.7114  21.9898
0.0033  0.0212  0.0151  0.0447  0.7415  21.8789
0.0033  0.0212  0.0152  0.0415  0.7311  21.8406
0.0033  0.0213  0.0152  0.0427  0.7271  21.8121
0.0033  0.0216  0.0157  0.0449  0.7263  21.5534
0.0033  0.0214  0.0156  0.0458  0.7253  21.6205
0.0033  0.0215  0.0155  0.0436  0.7567  21.6359
0.0032  0.0211  0.0151  0.0448  0.7367  21.8749
0.0033  0.0213  0.0151  0.0427  0.7459  21.8715
0.0033  0.0211  0.0151  0.0429  0.7308  21.8909
0.0033  0.0212  0.0151  0.0418  0.7464  21.8931
0.0033  0.0214  0.0152  0.0410  0.7586  21.8086
0.0033  0.0212  0.0152  0.0413  0.7465  21.8053

rate=0.95: 20 rounds
------------------------------------------------
0.0016  0.0104  0.0104  0.0197  0.4340  25.1231
0.0016  0.0104  0.0104  0.0181  0.4283  25.0916
0.0016  0.0106  0.0105  0.0205  0.4288  25.0258
0.0016  0.0106  0.0107  0.0213  0.4409  24.8993
0.0016  0.0107  0.0108  0.0227  0.4397  24.7831
0.0016  0.0107  0.0107  0.0262  0.4419  24.8604
0.0016  0.0103  0.0102  0.0206  0.4265  25.2474
0.0016  0.0104  0.0105  0.0206  0.4226  25.0231
0.0016  0.0105  0.0105  0.0199  0.4315  25.0416
0.0016  0.0103  0.0104  0.0194  0.4235  25.1187
0.0016  0.0106  0.0107  0.0208  0.4283  24.8686
0.0017  0.0107  0.0110  0.0215  0.4264  24.6444
0.0016  0.0107  0.0110  0.0259  0.4153  24.6371
0.0016  0.0106  0.0107  0.0221  0.4300  24.8677
0.0016  0.0104  0.0106  0.0238  0.4251  24.9858
0.0016  0.0104  0.0105  0.0210  0.4140  25.0096
0.0016  0.0106  0.0107  0.0203  0.4359  24.8858
0.0016  0.0106  0.0107  0.0207  0.4378  24.8739
0.0017  0.0108  0.0109  0.0199  0.4556  24.7104
0.0017  0.0108  0.0110  0.0207  0.4426  24.6097

