======== Average result summary ========
Metric:  |  MAE  |  NMAE  |  RMSE  |  MRE  |  NNPRE  |  SNR  
rate=0.05: 0.0546  0.2826  0.0762  0.5714  3.4782  9.1917
rate=0.10: 0.0510  0.2638  0.0732  0.5282  3.2816  9.5326
rate=0.15: 0.0481  0.2489  0.0711  0.4950  3.1326  9.7855
rate=0.20: 0.0452  0.2342  0.0690  0.4655  2.9840  10.0517
rate=0.25: 0.0424  0.2195  0.0668  0.4364  2.8560  10.3324
rate=0.30: 0.0396  0.2049  0.0645  0.4079  2.7139  10.6322
rate=0.35: 0.0368  0.1903  0.0622  0.3795  2.5853  10.9538
rate=0.40: 0.0340  0.1757  0.0598  0.3504  2.4480  11.2962
rate=0.45: 0.0311  0.1611  0.0572  0.3198  2.3079  11.6737
rate=0.50: 0.0283  0.1465  0.0546  0.2890  2.1594  12.0850
rate=0.55: 0.0255  0.1318  0.0518  0.2583  2.0075  12.5414
rate=0.60: 0.0226  0.1172  0.0489  0.2306  1.8480  13.0505
rate=0.65: 0.0198  0.1026  0.0457  0.1978  1.6790  13.6267
rate=0.70: 0.0170  0.0880  0.0423  0.1712  1.5025  14.2952
rate=0.75: 0.0142  0.0733  0.0386  0.1426  1.3151  15.0852
rate=0.80: 0.0113  0.0587  0.0345  0.1128  1.1128  16.0628
rate=0.85: 0.0085  0.0440  0.0299  0.0866  0.8908  17.3035
rate=0.90: 0.0057  0.0294  0.0245  0.0582  0.6795  19.0585
rate=0.95: 0.0028  0.0147  0.0173  0.0298  0.4792  22.0432

======== Detailed results ========
rate=0.05: 20 rounds
------------------------------------------------
0.0545  0.2823  0.0761  0.5778  3.4864  9.2037
0.0546  0.2824  0.0761  0.5742  3.4775  9.2055
0.0546  0.2826  0.0761  0.5787  3.4771  9.1966
0.0546  0.2825  0.0761  0.5756  3.4770  9.1965
0.0546  0.2826  0.0762  0.5767  3.4817  9.1909
0.0546  0.2827  0.0762  0.5734  3.4666  9.1877
0.0546  0.2825  0.0762  0.5766  3.4870  9.1884
0.0546  0.2827  0.0762  0.5794  3.4893  9.1857
0.0547  0.2829  0.0762  0.5701  3.4651  9.1845
0.0546  0.2828  0.0762  0.5775  3.4711  9.1867
0.0546  0.2827  0.0762  0.5752  3.4754  9.1887
0.0546  0.2827  0.0762  0.5584  3.4812  9.1861
0.0546  0.2826  0.0762  0.5796  3.4721  9.1940
0.0546  0.2826  0.0762  0.5503  3.4893  9.1940
0.0545  0.2824  0.0761  0.5738  3.4782  9.1975
0.0546  0.2825  0.0762  0.5743  3.4769  9.1881
0.0546  0.2828  0.0763  0.5726  3.4849  9.1827
0.0546  0.2824  0.0762  0.5693  3.4746  9.1920
0.0546  0.2824  0.0761  0.5791  3.4739  9.1964
0.0546  0.2826  0.0762  0.5359  3.4782  9.1880

rate=0.10: 20 rounds
------------------------------------------------
0.0509  0.2636  0.0732  0.5397  3.2912  9.5399
0.0510  0.2637  0.0732  0.5340  3.2933  9.5391
0.0510  0.2637  0.0732  0.5304  3.2752  9.5340
0.0510  0.2639  0.0733  0.5369  3.2934  9.5280
0.0510  0.2637  0.0733  0.5373  3.2795  9.5314
0.0510  0.2637  0.0732  0.5126  3.2834  9.5339
0.0509  0.2637  0.0732  0.5369  3.2817  9.5335
0.0509  0.2636  0.0732  0.5341  3.2767  9.5367
0.0510  0.2638  0.0732  0.5313  3.2711  9.5331
0.0510  0.2639  0.0733  0.5377  3.2653  9.5315
0.0510  0.2638  0.0732  0.5362  3.2824  9.5321
0.0510  0.2637  0.0732  0.5172  3.2851  9.5324
0.0510  0.2637  0.0732  0.5393  3.2763  9.5343
0.0510  0.2639  0.0733  0.5087  3.2808  9.5299
0.0510  0.2638  0.0733  0.5324  3.2809  9.5304
0.0510  0.2638  0.0733  0.5328  3.2867  9.5271
0.0510  0.2638  0.0733  0.5346  3.2866  9.5284
0.0510  0.2638  0.0733  0.5353  3.2821  9.5297
0.0510  0.2638  0.0732  0.5356  3.2743  9.5325
0.0509  0.2637  0.0732  0.4603  3.2853  9.5340

rate=0.15: 20 rounds
------------------------------------------------
0.0481  0.2488  0.0711  0.5139  3.1328  9.7896
0.0481  0.2488  0.0711  0.5097  3.1321  9.7908
0.0481  0.2489  0.0711  0.4838  3.1185  9.7868
0.0481  0.2489  0.0712  0.5127  3.1408  9.7832
0.0481  0.2488  0.0711  0.5132  3.1342  9.7856
0.0481  0.2488  0.0711  0.4874  3.1333  9.7876
0.0481  0.2488  0.0711  0.4394  3.1308  9.7874
0.0481  0.2487  0.0711  0.5083  3.1314  9.7898
0.0481  0.2488  0.0711  0.5019  3.1308  9.7904
0.0481  0.2490  0.0711  0.5095  3.1227  9.7867
0.0481  0.2489  0.0711  0.4800  3.1308  9.7851
0.0481  0.2488  0.0711  0.4914  3.1345  9.7869
0.0481  0.2487  0.0711  0.5109  3.1340  9.7905
0.0481  0.2489  0.0712  0.4844  3.1343  9.7837
0.0481  0.2490  0.0712  0.4866  3.1320  9.7814
0.0481  0.2490  0.0712  0.5091  3.1353  9.7790
0.0481  0.2490  0.0712  0.5058  3.1418  9.7823
0.0481  0.2490  0.0712  0.5072  3.1307  9.7795
0.0481  0.2490  0.0712  0.5110  3.1348  9.7825
0.0481  0.2490  0.0712  0.4339  3.1371  9.7810

rate=0.20: 20 rounds
------------------------------------------------
0.0452  0.2341  0.0690  0.4884  2.9777  10.0538
0.0452  0.2341  0.0690  0.4640  2.9816  10.0551
0.0452  0.2342  0.0690  0.4610  2.9709  10.0523
0.0453  0.2343  0.0690  0.4870  2.9870  10.0488
0.0452  0.2342  0.0690  0.4907  2.9851  10.0525
0.0452  0.2340  0.0690  0.4644  2.9877  10.0550
0.0452  0.2341  0.0690  0.4150  2.9881  10.0530
0.0452  0.2341  0.0690  0.4548  2.9837  10.0547
0.0452  0.2340  0.0689  0.4395  2.9759  10.0593
0.0453  0.2343  0.0690  0.4725  2.9816  10.0520
0.0452  0.2342  0.0690  0.4541  2.9816  10.0528
0.0452  0.2342  0.0690  0.4614  2.9851  10.0503
0.0452  0.2341  0.0690  0.4855  2.9789  10.0551
0.0453  0.2344  0.0690  0.4588  2.9968  10.0454
0.0453  0.2343  0.0690  0.4652  2.9849  10.0467
0.0453  0.2343  0.0690  0.4814  2.9917  10.0467
0.0453  0.2342  0.0690  0.4835  2.9904  10.0518
0.0452  0.2342  0.0690  0.4846  2.9822  10.0495
0.0452  0.2342  0.0690  0.4876  2.9824  10.0508
0.0453  0.2343  0.0690  0.4099  2.9871  10.0483

rate=0.25: 20 rounds
------------------------------------------------
0.0424  0.2195  0.0668  0.4667  2.8598  10.3336
0.0424  0.2195  0.0668  0.4392  2.8611  10.3339
0.0424  0.2195  0.0668  0.4388  2.8468  10.3317
0.0425  0.2198  0.0669  0.4633  2.8552  10.3253
0.0424  0.2197  0.0668  0.4663  2.8537  10.3283
0.0424  0.2194  0.0668  0.4011  2.8557  10.3341
0.0424  0.2195  0.0668  0.3933  2.8484  10.3330
0.0424  0.2194  0.0668  0.3905  2.8551  10.3371
0.0424  0.2194  0.0667  0.4181  2.8508  10.3394
0.0424  0.2196  0.0668  0.4470  2.8521  10.3331
0.0424  0.2195  0.0668  0.4299  2.8571  10.3314
0.0424  0.2196  0.0668  0.4364  2.8553  10.3280
0.0424  0.2194  0.0668  0.4619  2.8497  10.3366
0.0424  0.2196  0.0668  0.4354  2.8704  10.3277
0.0424  0.2195  0.0668  0.4428  2.8564  10.3286
0.0424  0.2195  0.0668  0.4594  2.8696  10.3299
0.0424  0.2195  0.0668  0.4300  2.8629  10.3357
0.0424  0.2195  0.0668  0.4603  2.8554  10.3344
0.0424  0.2195  0.0668  0.4598  2.8540  10.3350
0.0424  0.2196  0.0668  0.3871  2.8504  10.3313

rate=0.30: 20 rounds
------------------------------------------------
0.0396  0.2048  0.0645  0.4439  2.7205  10.6341
0.0396  0.2049  0.0645  0.4039  2.7219  10.6323
0.0396  0.2049  0.0645  0.4168  2.7068  10.6320
0.0396  0.2051  0.0646  0.4357  2.7073  10.6274
0.0396  0.2050  0.0645  0.4415  2.7084  10.6333
0.0396  0.2048  0.0645  0.3475  2.7126  10.6389
0.0396  0.2048  0.0645  0.3670  2.7034  10.6362
0.0396  0.2048  0.0645  0.3688  2.7083  10.6352
0.0396  0.2049  0.0645  0.3930  2.7044  10.6348
0.0396  0.2049  0.0645  0.4245  2.7047  10.6341
0.0396  0.2050  0.0646  0.3962  2.7103  10.6301
0.0396  0.2050  0.0646  0.4119  2.7044  10.6285
0.0396  0.2048  0.0645  0.4410  2.7060  10.6348
0.0396  0.2049  0.0646  0.3823  2.7251  10.6288
0.0396  0.2049  0.0646  0.4188  2.7073  10.6274
0.0396  0.2049  0.0646  0.4375  2.7352  10.6286
0.0396  0.2048  0.0645  0.4076  2.7322  10.6369
0.0396  0.2049  0.0645  0.4179  2.7167  10.6315
0.0396  0.2050  0.0646  0.4383  2.7298  10.6296
0.0396  0.2050  0.0645  0.3645  2.7130  10.6303

rate=0.35: 20 rounds
------------------------------------------------
0.0368  0.1903  0.0622  0.4209  2.5861  10.9544
0.0368  0.1903  0.0622  0.3806  2.5913  10.9512
0.0368  0.1904  0.0622  0.3624  2.5742  10.9480
0.0368  0.1905  0.0623  0.4135  2.5850  10.9427
0.0368  0.1903  0.0622  0.4179  2.5732  10.9535
0.0368  0.1902  0.0622  0.3231  2.5841  10.9571
0.0367  0.1902  0.0622  0.3426  2.5771  10.9580
0.0367  0.1901  0.0622  0.3468  2.5817  10.9572
0.0368  0.1902  0.0622  0.3678  2.5770  10.9573
0.0368  0.1903  0.0622  0.3990  2.5823  10.9565
0.0368  0.1902  0.0622  0.3747  2.5819  10.9558
0.0368  0.1903  0.0622  0.3898  2.5788  10.9527
0.0367  0.1901  0.0621  0.3761  2.5819  10.9596
0.0368  0.1902  0.0622  0.3554  2.5904  10.9555
0.0368  0.1903  0.0622  0.3933  2.5780  10.9510
0.0367  0.1902  0.0622  0.3929  2.6044  10.9531
0.0367  0.1902  0.0622  0.3785  2.6019  10.9568
0.0367  0.1902  0.0622  0.3967  2.5929  10.9545
0.0368  0.1903  0.0622  0.4158  2.5963  10.9509
0.0368  0.1904  0.0622  0.3422  2.5873  10.9512

rate=0.40: 20 rounds
------------------------------------------------
0.0340  0.1758  0.0598  0.3984  2.4546  11.2951
0.0340  0.1758  0.0598  0.3540  2.4477  11.2937
0.0340  0.1759  0.0598  0.3367  2.4454  11.2901
0.0340  0.1760  0.0599  0.3894  2.4549  11.2867
0.0340  0.1758  0.0598  0.3946  2.4396  11.2974
0.0339  0.1757  0.0598  0.3004  2.4501  11.3009
0.0339  0.1756  0.0597  0.3201  2.4446  11.3021
0.0339  0.1756  0.0598  0.3249  2.4439  11.3010
0.0339  0.1757  0.0598  0.3123  2.4406  11.3012
0.0339  0.1757  0.0598  0.3537  2.4428  11.3009
0.0339  0.1756  0.0598  0.3504  2.4360  11.3012
0.0339  0.1757  0.0598  0.3676  2.4369  11.2976
0.0339  0.1756  0.0597  0.3541  2.4392  11.3021
0.0340  0.1758  0.0598  0.3314  2.4498  11.2936
0.0340  0.1758  0.0598  0.3724  2.4442  11.2888
0.0340  0.1757  0.0598  0.3336  2.4692  11.2914
0.0339  0.1757  0.0598  0.3567  2.4645  11.2985
0.0339  0.1757  0.0598  0.3719  2.4582  11.2951
0.0339  0.1757  0.0598  0.3792  2.4551  11.2942
0.0340  0.1758  0.0598  0.3066  2.4428  11.2918

rate=0.45: 20 rounds
------------------------------------------------
0.0311  0.1611  0.0573  0.3595  2.3116  11.6719
0.0311  0.1612  0.0572  0.3324  2.3035  11.6751
0.0312  0.1612  0.0573  0.3134  2.3015  11.6663
0.0312  0.1614  0.0573  0.3642  2.3047  11.6630
0.0311  0.1612  0.0572  0.3737  2.3007  11.6745
0.0311  0.1611  0.0572  0.2795  2.3140  11.6752
0.0311  0.1610  0.0572  0.2926  2.3008  11.6765
0.0311  0.1611  0.0572  0.3037  2.2989  11.6733
0.0311  0.1611  0.0572  0.2862  2.3132  11.6740
0.0311  0.1611  0.0572  0.3314  2.2986  11.6768
0.0311  0.1610  0.0572  0.3232  2.3004  11.6784
0.0311  0.1611  0.0572  0.3447  2.3001  11.6743
0.0311  0.1609  0.0572  0.2792  2.3022  11.6829
0.0311  0.1611  0.0572  0.3100  2.3116  11.6736
0.0311  0.1611  0.0573  0.3461  2.3100  11.6687
0.0311  0.1611  0.0573  0.2804  2.3308  11.6707
0.0311  0.1610  0.0572  0.3235  2.3208  11.6776
0.0311  0.1610  0.0573  0.3497  2.3224  11.6715
0.0311  0.1610  0.0572  0.3246  2.3135  11.6766
0.0311  0.1611  0.0572  0.2785  2.2987  11.6729

rate=0.50: 20 rounds
------------------------------------------------
0.0283  0.1465  0.0546  0.2963  2.1551  12.0847
0.0283  0.1465  0.0546  0.3068  2.1506  12.0860
0.0283  0.1466  0.0546  0.2847  2.1561  12.0776
0.0283  0.1467  0.0547  0.3419  2.1562  12.0721
0.0283  0.1464  0.0546  0.3085  2.1457  12.0902
0.0283  0.1464  0.0546  0.2569  2.1696  12.0884
0.0283  0.1464  0.0546  0.2708  2.1556  12.0875
0.0283  0.1465  0.0546  0.2791  2.1518  12.0805
0.0283  0.1465  0.0546  0.2571  2.1701  12.0821
0.0283  0.1465  0.0546  0.3077  2.1584  12.0861
0.0283  0.1464  0.0546  0.2995  2.1495  12.0861
0.0283  0.1464  0.0546  0.3201  2.1450  12.0848
0.0283  0.1464  0.0546  0.2551  2.1540  12.0904
0.0283  0.1464  0.0546  0.2498  2.1616  12.0867
0.0283  0.1465  0.0546  0.3211  2.1608  12.0825
0.0283  0.1464  0.0546  0.2450  2.1829  12.0886
0.0283  0.1464  0.0545  0.2993  2.1675  12.0931
0.0283  0.1464  0.0546  0.3219  2.1706  12.0853
0.0283  0.1464  0.0546  0.3040  2.1646  12.0869
0.0283  0.1465  0.0546  0.2537  2.1614  12.0816

rate=0.55: 20 rounds
------------------------------------------------
0.0255  0.1319  0.0518  0.2746  1.9973  12.5381
0.0255  0.1319  0.0518  0.2824  1.9923  12.5407
0.0255  0.1320  0.0519  0.2611  2.0013  12.5329
0.0255  0.1321  0.0519  0.3203  2.0020  12.5301
0.0255  0.1318  0.0518  0.2816  1.9938  12.5486
0.0254  0.1317  0.0518  0.2233  2.0164  12.5493
0.0255  0.1318  0.0518  0.2261  2.0051  12.5446
0.0255  0.1318  0.0518  0.2534  2.0036  12.5393
0.0255  0.1319  0.0518  0.2338  2.0030  12.5366
0.0255  0.1319  0.0518  0.2142  2.0028  12.5395
0.0255  0.1318  0.0518  0.2783  2.0012  12.5390
0.0255  0.1319  0.0518  0.2669  1.9995  12.5390
0.0255  0.1318  0.0518  0.2219  2.0024  12.5453
0.0255  0.1318  0.0518  0.2260  2.0179  12.5442
0.0255  0.1317  0.0518  0.2977  2.0162  12.5422
0.0254  0.1317  0.0518  0.2212  2.0305  12.5448
0.0254  0.1317  0.0517  0.2745  2.0199  12.5500
0.0255  0.1318  0.0518  0.3002  2.0210  12.5430
0.0255  0.1318  0.0518  0.2825  2.0110  12.5447
0.0255  0.1319  0.0518  0.2268  2.0124  12.5371

rate=0.60: 20 rounds
------------------------------------------------
0.0227  0.1173  0.0489  0.2517  1.8323  13.0470
0.0226  0.1172  0.0488  0.2607  1.8293  13.0509
0.0227  0.1173  0.0489  0.2357  1.8398  13.0433
0.0227  0.1174  0.0489  0.2978  1.8407  13.0405
0.0226  0.1171  0.0488  0.2600  1.8440  13.0588
0.0226  0.1171  0.0488  0.2004  1.8540  13.0608
0.0226  0.1172  0.0488  0.2025  1.8438  13.0511
0.0226  0.1172  0.0488  0.2309  1.8356  13.0533
0.0227  0.1173  0.0489  0.2100  1.8399  13.0414
0.0227  0.1174  0.0489  0.1917  1.8553  13.0405
0.0227  0.1173  0.0489  0.2566  1.8478  13.0421
0.0227  0.1173  0.0489  0.2430  1.8491  13.0451
0.0226  0.1172  0.0488  0.1967  1.8477  13.0520
0.0226  0.1171  0.0488  0.2038  1.8625  13.0547
0.0226  0.1171  0.0488  0.2759  1.8533  13.0537
0.0226  0.1171  0.0488  0.1962  1.8731  13.0535
0.0226  0.1171  0.0488  0.2131  1.8533  13.0601
0.0226  0.1171  0.0488  0.2348  1.8581  13.0549
0.0226  0.1171  0.0488  0.2458  1.8500  13.0568
0.0226  0.1172  0.0489  0.2054  1.8507  13.0499

rate=0.65: 20 rounds
------------------------------------------------
0.0198  0.1027  0.0458  0.2210  1.6683  13.6183
0.0198  0.1027  0.0457  0.1679  1.6679  13.6256
0.0198  0.1027  0.0458  0.1733  1.6692  13.6178
0.0199  0.1028  0.0458  0.2700  1.6678  13.6146
0.0198  0.1026  0.0457  0.2355  1.6742  13.6291
0.0198  0.1026  0.0457  0.1789  1.6829  13.6314
0.0198  0.1026  0.0457  0.1779  1.6717  13.6277
0.0198  0.1026  0.0457  0.2016  1.6805  13.6298
0.0198  0.1027  0.0458  0.1882  1.6735  13.6147
0.0198  0.1027  0.0458  0.1675  1.6840  13.6197
0.0198  0.1027  0.0457  0.2129  1.6787  13.6234
0.0198  0.1026  0.0457  0.2185  1.6834  13.6293
0.0198  0.1026  0.0457  0.1695  1.6753  13.6325
0.0198  0.1026  0.0457  0.1782  1.6874  13.6343
0.0198  0.1026  0.0457  0.2546  1.6759  13.6274
0.0198  0.1026  0.0457  0.1732  1.6993  13.6289
0.0198  0.1026  0.0457  0.1914  1.6805  13.6373
0.0198  0.1025  0.0457  0.2089  1.6931  13.6367
0.0198  0.1026  0.0457  0.1834  1.6833  13.6294
0.0198  0.1026  0.0457  0.1833  1.6828  13.6269

rate=0.70: 20 rounds
------------------------------------------------
0.0170  0.0881  0.0424  0.1960  1.5098  14.2839
0.0170  0.0880  0.0423  0.1456  1.4922  14.3001
0.0170  0.0881  0.0424  0.1516  1.4967  14.2853
0.0170  0.0882  0.0424  0.2099  1.4905  14.2787
0.0170  0.0879  0.0423  0.2110  1.5026  14.2983
0.0170  0.0880  0.0423  0.1547  1.5099  14.2989
0.0170  0.0879  0.0423  0.1552  1.5007  14.2994
0.0170  0.0880  0.0423  0.1580  1.4943  14.2954
0.0170  0.0881  0.0424  0.1664  1.4924  14.2783
0.0170  0.0881  0.0424  0.1399  1.5141  14.2821
0.0170  0.0880  0.0424  0.1835  1.5049  14.2896
0.0170  0.0879  0.0423  0.1956  1.4947  14.2993
0.0170  0.0879  0.0423  0.1456  1.5009  14.3029
0.0170  0.0879  0.0423  0.1564  1.5112  14.3032
0.0170  0.0879  0.0423  0.2287  1.4997  14.3027
0.0170  0.0878  0.0423  0.1484  1.5240  14.3090
0.0170  0.0879  0.0423  0.1687  1.5021  14.3065
0.0170  0.0879  0.0423  0.1862  1.5157  14.3025
0.0170  0.0879  0.0423  0.1610  1.4968  14.2986
0.0170  0.0880  0.0424  0.1612  1.4966  14.2894

rate=0.75: 20 rounds
------------------------------------------------
0.0142  0.0735  0.0387  0.1737  1.3226  15.0720
0.0142  0.0733  0.0386  0.1209  1.3000  15.0917
0.0142  0.0734  0.0387  0.1266  1.3071  15.0720
0.0142  0.0735  0.0387  0.1876  1.3101  15.0634
0.0142  0.0733  0.0387  0.1864  1.3143  15.0828
0.0142  0.0734  0.0387  0.1303  1.3233  15.0801
0.0142  0.0734  0.0387  0.1194  1.3118  15.0757
0.0142  0.0734  0.0387  0.1336  1.3077  15.0816
0.0142  0.0734  0.0387  0.1440  1.3092  15.0719
0.0142  0.0734  0.0387  0.1148  1.3294  15.0714
0.0142  0.0734  0.0387  0.1190  1.3164  15.0830
0.0142  0.0733  0.0386  0.1685  1.3082  15.0980
0.0142  0.0733  0.0386  0.1209  1.3173  15.0991
0.0141  0.0731  0.0386  0.1293  1.3223  15.1074
0.0141  0.0732  0.0386  0.1744  1.3147  15.0992
0.0141  0.0732  0.0386  0.1205  1.3290  15.1068
0.0142  0.0733  0.0386  0.1452  1.3202  15.0984
0.0142  0.0733  0.0386  0.1638  1.3213  15.0906
0.0142  0.0733  0.0387  0.1379  1.3091  15.0836
0.0142  0.0734  0.0387  0.1356  1.3088  15.0758

rate=0.80: 20 rounds
------------------------------------------------
0.0113  0.0587  0.0345  0.1518  1.1165  16.0615
0.0113  0.0586  0.0345  0.0958  1.1046  16.0732
0.0113  0.0587  0.0346  0.1025  1.1094  16.0514
0.0114  0.0589  0.0347  0.1375  1.1122  16.0310
0.0113  0.0587  0.0346  0.1295  1.1107  16.0582
0.0113  0.0587  0.0346  0.1036  1.1147  16.0537
0.0113  0.0587  0.0346  0.0936  1.1086  16.0557
0.0113  0.0587  0.0345  0.1108  1.1065  16.0632
0.0113  0.0587  0.0346  0.1219  1.1056  16.0556
0.0113  0.0587  0.0346  0.0927  1.1192  16.0565
0.0113  0.0586  0.0345  0.0972  1.1154  16.0682
0.0113  0.0587  0.0345  0.1444  1.1082  16.0694
0.0113  0.0586  0.0345  0.0978  1.1166  16.0757
0.0113  0.0585  0.0345  0.1066  1.1173  16.0800
0.0113  0.0585  0.0345  0.1325  1.1130  16.0715
0.0113  0.0585  0.0345  0.0973  1.1200  16.0821
0.0113  0.0586  0.0345  0.0964  1.1155  16.0726
0.0113  0.0587  0.0346  0.1416  1.1227  16.0539
0.0113  0.0586  0.0345  0.0908  1.1092  16.0592
0.0113  0.0587  0.0345  0.1123  1.1105  16.0626

rate=0.85: 20 rounds
------------------------------------------------
0.0085  0.0441  0.0299  0.1264  0.8927  17.3039
0.0085  0.0440  0.0299  0.0729  0.8863  17.3211
0.0085  0.0440  0.0300  0.0781  0.8870  17.2974
0.0085  0.0442  0.0301  0.1024  0.8977  17.2603
0.0085  0.0440  0.0300  0.0946  0.8925  17.2902
0.0085  0.0441  0.0300  0.0780  0.8873  17.2870
0.0085  0.0441  0.0300  0.0715  0.8885  17.2778
0.0085  0.0440  0.0299  0.0879  0.8833  17.3035
0.0085  0.0441  0.0300  0.0970  0.8902  17.2944
0.0085  0.0441  0.0300  0.0690  0.8910  17.2908
0.0085  0.0440  0.0299  0.0731  0.9005  17.3046
0.0085  0.0440  0.0299  0.1215  0.8835  17.3156
0.0085  0.0440  0.0299  0.0753  0.8928  17.3113
0.0085  0.0439  0.0299  0.0836  0.8940  17.3190
0.0085  0.0439  0.0299  0.1050  0.8941  17.3127
0.0085  0.0439  0.0298  0.0712  0.8915  17.3367
0.0085  0.0439  0.0299  0.0711  0.8949  17.3221
0.0085  0.0440  0.0299  0.1161  0.8944  17.3031
0.0085  0.0440  0.0299  0.0694  0.8888  17.3088
0.0085  0.0440  0.0299  0.0681  0.8851  17.3094

rate=0.90: 20 rounds
------------------------------------------------
0.0057  0.0294  0.0244  0.1008  0.6825  19.0677
0.0057  0.0293  0.0244  0.0461  0.6775  19.0823
0.0057  0.0294  0.0245  0.0440  0.6814  19.0599
0.0057  0.0295  0.0246  0.0461  0.6824  19.0187
0.0057  0.0294  0.0245  0.0461  0.6777  19.0435
0.0057  0.0294  0.0245  0.0505  0.6818  19.0384
0.0057  0.0294  0.0245  0.0448  0.6778  19.0276
0.0057  0.0294  0.0245  0.0541  0.6790  19.0438
0.0057  0.0295  0.0245  0.0752  0.6819  19.0289
0.0057  0.0295  0.0245  0.0476  0.6834  19.0276
0.0057  0.0294  0.0245  0.0475  0.6865  19.0525
0.0057  0.0293  0.0244  0.0968  0.6789  19.0718
0.0057  0.0294  0.0245  0.0485  0.6810  19.0547
0.0056  0.0292  0.0244  0.0616  0.6763  19.0938
0.0056  0.0292  0.0244  0.0817  0.6769  19.0807
0.0056  0.0292  0.0243  0.0430  0.6771  19.1026
0.0057  0.0293  0.0244  0.0474  0.6768  19.0768
0.0057  0.0293  0.0244  0.0933  0.6772  19.0724
0.0057  0.0293  0.0244  0.0470  0.6782  19.0674
0.0057  0.0294  0.0245  0.0426  0.6765  19.0593

rate=0.95: 20 rounds
------------------------------------------------
0.0029  0.0148  0.0174  0.0453  0.4813  22.0233
0.0028  0.0147  0.0173  0.0221  0.4787  22.0513
0.0028  0.0147  0.0174  0.0225  0.4785  22.0187
0.0029  0.0148  0.0174  0.0245  0.4788  21.9929
0.0028  0.0147  0.0174  0.0221  0.4786  22.0078
0.0028  0.0147  0.0174  0.0271  0.4779  22.0209
0.0029  0.0148  0.0174  0.0235  0.4775  22.0086
0.0028  0.0147  0.0173  0.0284  0.4773  22.0512
0.0028  0.0147  0.0173  0.0533  0.4799  22.0503
0.0028  0.0147  0.0173  0.0266  0.4786  22.0442
0.0028  0.0147  0.0174  0.0257  0.4802  22.0417
0.0028  0.0147  0.0173  0.0333  0.4790  22.0503
0.0028  0.0147  0.0173  0.0269  0.4801  22.0468
0.0028  0.0146  0.0173  0.0379  0.4781  22.0871
0.0028  0.0147  0.0173  0.0604  0.4777  22.0619
0.0028  0.0147  0.0173  0.0216  0.4779  22.0656
0.0028  0.0147  0.0174  0.0218  0.4794  22.0380
0.0028  0.0147  0.0173  0.0272  0.4787  22.0621
0.0028  0.0147  0.0173  0.0245  0.4827  22.0737
0.0028  0.0147  0.0173  0.0215  0.4820  22.0669

