Metric:  |  MAE  |  NMAE  |  RMSE  |  MRE  |  NNPRE  
rate=0.05: 19.5867  0.0269  25.7161  0.0269  0.0968
rate=0.10: 6.3795  0.0087  9.7057  0.0090  0.0506
rate=0.15: 5.1834  0.0071  8.0910  0.0075  0.0450
rate=0.20: 4.2912  0.0059  6.6570  0.0060  0.0315
rate=0.25: 3.4141  0.0047  5.4688  0.0048  0.0273
rate=0.30: 3.4141  0.0047  5.4688  0.0048  0.0273
rate=0.35: 2.5802  0.0035  4.7035  0.0036  0.0264
rate=0.40: 1.9792  0.0027  3.8676  0.0028  0.0228
rate=0.45: 1.5032  0.0021  2.9769  0.0020  0.0156
rate=0.50: 1.1797  0.0016  2.4376  0.0016  0.0126
rate=0.55: 0.8787  0.0012  1.8796  0.0012  0.0102
rate=0.60: 0.6706  0.0009  1.5157  0.0009  0.0084
rate=0.65: 0.4285  0.0006  0.9955  0.0006  0.0062
rate=0.70: 0.2896  0.0004  0.7135  0.0004  0.0042
rate=0.75: 0.2005  0.0003  0.5504  0.0003  0.0036
rate=0.80: 0.2005  0.0003  0.5504  0.0003  0.0036
rate=0.85: 0.1227  0.0002  0.3761  0.0002  0.0024
rate=0.90: 0.0810  0.0001  0.3041  0.0001  0.0022
rate=0.95: 0.0401  0.0001  0.2129  0.0001  0.0015
