======== Average result summary ========
Metric:  |  MAE  |  NMAE  |  RMSE  |  MRE  |  NNPRE  |  SNR  
rate=0.05: 0.1189  0.6153  0.1778  1.0672  6.7402  1.8299
rate=0.10: 0.0549  0.2841  0.0784  0.5699  3.6573  8.9430
rate=0.15: 0.0476  0.2463  0.0699  0.5062  3.4082  9.9329
rate=0.20: 0.0430  0.2225  0.0651  0.4627  3.2110  10.5540
rate=0.25: 0.0395  0.2046  0.0620  0.3912  3.0249  10.9828
rate=0.30: 0.0365  0.1889  0.0593  0.3648  2.8836  11.3616
rate=0.35: 0.0335  0.1735  0.0566  0.3339  2.7711  11.7655
rate=0.40: 0.0308  0.1594  0.0541  0.3084  2.5862  12.1583
rate=0.45: 0.0279  0.1446  0.0513  0.2867  2.4657  12.6242
rate=0.50: 0.0253  0.1311  0.0489  0.2615  2.2992  13.0412
rate=0.55: 0.0227  0.1177  0.0463  0.2423  2.1849  13.5098
rate=0.60: 0.0201  0.1039  0.0434  0.2171  2.0191  14.0851
rate=0.65: 0.0176  0.0911  0.0408  0.1961  1.8659  14.6214
rate=0.70: 0.0151  0.0780  0.0377  0.1699  1.6430  15.2971
rate=0.75: 0.0125  0.0647  0.0341  0.1448  1.4449  16.1656
rate=0.80: 0.0100  0.0515  0.0303  0.0985  1.1979  17.1942
rate=0.85: 0.0075  0.0388  0.0263  0.0717  0.9810  18.4259
rate=0.90: 0.0050  0.0257  0.0212  0.0441  0.7234  20.2810
rate=0.95: 0.0025  0.0127  0.0148  0.0228  0.4568  23.4354
