======== Average result summary ========
Metric:  |  MAE  |  NMAE  |  RMSE  |  MRE  |  NNPRE  |  SNR  
rate=0.05: 2.5856  13.8400  4.3722  27.6896  212.3769  -26.0677
rate=0.10: 0.0879  0.4706  0.1305  1.0123  7.0115  4.4349
rate=0.15: 0.0569  0.3048  0.0839  0.6890  4.9456  8.2682
rate=0.20: 0.0496  0.2656  0.0752  0.5944  4.6055  9.2167
rate=0.25: 0.0442  0.2364  0.0691  0.5491  4.3366  9.9528
rate=0.30: 0.0401  0.2148  0.0650  0.5041  4.0928  10.4875
rate=0.35: 0.0365  0.1954  0.0614  0.4545  3.8288  10.9839
rate=0.40: 0.0333  0.1781  0.0583  0.4058  3.6346  11.4377
rate=0.45: 0.0303  0.1623  0.0554  0.3691  3.3897  11.8759
rate=0.50: 0.0273  0.1460  0.0523  0.3395  3.2112  12.3825
rate=0.55: 0.0243  0.1303  0.0491  0.3104  2.9387  12.9167
rate=0.60: 0.0215  0.1151  0.0460  0.2819  2.6726  13.4834
rate=0.65: 0.0188  0.1004  0.0430  0.2498  2.4365  14.0861
rate=0.70: 0.0161  0.0862  0.0398  0.2192  2.1988  14.7555
rate=0.75: 0.0133  0.0714  0.0361  0.1811  1.8830  15.6019
rate=0.80: 0.0108  0.0575  0.0325  0.1550  1.6188  16.5088
rate=0.85: 0.0081  0.0433  0.0283  0.1183  1.3168  17.7221
rate=0.90: 0.0053  0.0285  0.0228  0.0666  0.9351  19.5832
rate=0.95: 0.0027  0.0143  0.0163  0.0361  0.5715  22.5078
