======== Average result summary ========
Metric:  |  MAE  |  NMAE  |  RMSE  |  MRE  |  NNPRE  |  SNR  
rate=0.05: 0.0301  0.1953  0.0455  0.3838  4.0000  12.2971
rate=0.10: 0.0282  0.1834  0.0439  0.3590  3.7689  12.6158
rate=0.15: 0.0266  0.1730  0.0425  0.3377  3.6095  12.8824
rate=0.20: 0.0250  0.1626  0.0412  0.3173  3.4608  13.1572
rate=0.25: 0.0235  0.1524  0.0399  0.2972  3.2996  13.4358
rate=0.30: 0.0219  0.1422  0.0385  0.2778  3.1546  13.7383
rate=0.35: 0.0203  0.1321  0.0372  0.2588  3.0007  14.0554
rate=0.40: 0.0188  0.1220  0.0357  0.2395  2.8474  14.3997
rate=0.45: 0.0172  0.1119  0.0342  0.2198  2.6867  14.7749
rate=0.50: 0.0157  0.1017  0.0326  0.1998  2.5161  15.1874
rate=0.55: 0.0141  0.0916  0.0310  0.1802  2.3139  15.6422
rate=0.60: 0.0125  0.0813  0.0291  0.1601  2.1091  16.1641
rate=0.65: 0.0109  0.0712  0.0273  0.1403  1.9004  16.7393
rate=0.70: 0.0094  0.0610  0.0252  0.1196  1.6743  17.4110
rate=0.75: 0.0078  0.0508  0.0231  0.0993  1.4383  18.2023
rate=0.80: 0.0063  0.0406  0.0206  0.0792  1.1881  19.1715
rate=0.85: 0.0047  0.0304  0.0178  0.0592  0.9196  20.4336
rate=0.90: 0.0031  0.0203  0.0146  0.0394  0.6709  22.1968

======== Detailed results ========
rate=0.05: 20 rounds
------------------------------------------------
0.0299  0.1942  0.0453  0.3786  3.9596  12.3358
0.0298  0.1936  0.0450  0.3715  3.8304  12.3945
0.0300  0.1948  0.0454  0.3807  3.9996  12.3130
0.0295  0.1915  0.0445  0.3686  3.7892  12.4903
0.0301  0.1958  0.0456  0.3829  3.9740  12.2838
0.0300  0.1947  0.0454  0.3814  3.9331  12.3242
0.0302  0.1965  0.0458  0.3909  4.0983  12.2422
0.0300  0.1952  0.0454  0.3843  4.0189  12.3065
0.0301  0.1958  0.0456  0.3866  4.0223  12.2686
0.0299  0.1942  0.0453  0.3789  3.9033  12.3424
0.0302  0.1961  0.0457  0.3852  4.0464  12.2578
0.0305  0.1979  0.0462  0.3956  4.1924  12.1714
0.0301  0.1958  0.0456  0.3854  4.0089  12.2764
0.0303  0.1972  0.0460  0.3923  4.1756  12.1999
0.0299  0.1941  0.0451  0.3793  3.9059  12.3656
0.0299  0.1944  0.0454  0.3833  4.0180  12.3233
0.0301  0.1954  0.0455  0.3834  3.9762  12.2981
0.0301  0.1958  0.0456  0.3884  4.0571  12.2815
0.0302  0.1965  0.0457  0.3873  3.9527  12.2502
0.0303  0.1969  0.0459  0.3909  4.1375  12.2167

rate=0.10: 20 rounds
------------------------------------------------
0.0280  0.1822  0.0436  0.3521  3.7618  12.6705
0.0280  0.1820  0.0434  0.3482  3.6251  12.6969
0.0283  0.1841  0.0441  0.3623  3.8201  12.5741
0.0279  0.1813  0.0433  0.3484  3.6168  12.7199
0.0284  0.1847  0.0442  0.3644  3.8508  12.5495
0.0283  0.1841  0.0440  0.3629  3.8056  12.5829
0.0286  0.1859  0.0445  0.3720  3.9860  12.4912
0.0280  0.1821  0.0435  0.3554  3.7391  12.6818
0.0283  0.1837  0.0440  0.3604  3.7612  12.5936
0.0282  0.1833  0.0439  0.3577  3.7562  12.6110
0.0283  0.1842  0.0440  0.3607  3.7847  12.5911
0.0283  0.1840  0.0440  0.3651  3.8084  12.5843
0.0282  0.1830  0.0438  0.3575  3.7363  12.6339
0.0282  0.1835  0.0439  0.3622  3.7982  12.6147
0.0280  0.1822  0.0435  0.3535  3.6341  12.6890
0.0281  0.1824  0.0436  0.3542  3.6827  12.6589
0.0281  0.1829  0.0437  0.3548  3.7605  12.6484
0.0282  0.1834  0.0439  0.3612  3.8256  12.6070
0.0283  0.1836  0.0438  0.3595  3.7167  12.6179
0.0286  0.1857  0.0444  0.3674  3.9085  12.4986

rate=0.15: 20 rounds
------------------------------------------------
0.0265  0.1725  0.0424  0.3350  3.6494  12.9018
0.0264  0.1719  0.0422  0.3310  3.5431  12.9425
0.0268  0.1740  0.0428  0.3426  3.6757  12.8255
0.0264  0.1714  0.0421  0.3309  3.4896  12.9660
0.0268  0.1739  0.0428  0.3427  3.6983  12.8177
0.0267  0.1738  0.0427  0.3406  3.6093  12.8465
0.0269  0.1746  0.0430  0.3470  3.7249  12.7896
0.0265  0.1722  0.0423  0.3368  3.6084  12.9262
0.0266  0.1728  0.0426  0.3367  3.5671  12.8755
0.0266  0.1731  0.0426  0.3402  3.6234  12.8706
0.0267  0.1736  0.0426  0.3385  3.5716  12.8632
0.0266  0.1729  0.0426  0.3385  3.5931  12.8720
0.0266  0.1725  0.0424  0.3370  3.6126  12.9046
0.0266  0.1725  0.0424  0.3387  3.5704  12.9167
0.0264  0.1716  0.0421  0.3304  3.4925  12.9709
0.0265  0.1723  0.0424  0.3345  3.5779  12.9106
0.0266  0.1727  0.0424  0.3300  3.6103  12.8995
0.0267  0.1736  0.0428  0.3435  3.6985  12.8355
0.0266  0.1727  0.0424  0.3379  3.5337  12.9043
0.0268  0.1743  0.0429  0.3409  3.7398  12.8083

rate=0.20: 20 rounds
------------------------------------------------
0.0250  0.1626  0.0412  0.3174  3.5297  13.1521
0.0249  0.1616  0.0410  0.3106  3.4038  13.2059
0.0251  0.1629  0.0413  0.3197  3.4713  13.1426
0.0249  0.1615  0.0409  0.3144  3.3721  13.2248
0.0252  0.1636  0.0415  0.3223  3.5135  13.0961
0.0250  0.1628  0.0412  0.3185  3.4277  13.1533
0.0252  0.1641  0.0416  0.3253  3.5757  13.0707
0.0249  0.1617  0.0410  0.3153  3.3851  13.2107
0.0251  0.1630  0.0414  0.3190  3.4577  13.1163
0.0250  0.1625  0.0412  0.3200  3.4860  13.1545
0.0251  0.1632  0.0413  0.3188  3.4410  13.1380
0.0250  0.1622  0.0411  0.3126  3.4080  13.1712
0.0250  0.1623  0.0411  0.3180  3.4872  13.1795
0.0249  0.1619  0.0410  0.3183  3.4207  13.2082
0.0249  0.1621  0.0410  0.3139  3.4075  13.1924
0.0250  0.1626  0.0412  0.3166  3.4373  13.1586
0.0250  0.1624  0.0412  0.3096  3.4726  13.1644
0.0251  0.1631  0.0414  0.3213  3.5727  13.1213
0.0250  0.1623  0.0411  0.3163  3.3967  13.1792
0.0252  0.1635  0.0415  0.3182  3.5501  13.1034

rate=0.25: 20 rounds
------------------------------------------------
0.0234  0.1524  0.0399  0.2957  3.3685  13.4343
0.0234  0.1520  0.0399  0.2891  3.2620  13.4421
0.0235  0.1525  0.0399  0.2995  3.3168  13.4360
0.0233  0.1513  0.0396  0.2945  3.2304  13.5109
0.0236  0.1532  0.0401  0.3015  3.2942  13.4007
0.0235  0.1527  0.0399  0.2990  3.3156  13.4305
0.0237  0.1541  0.0404  0.3029  3.4104  13.3288
0.0233  0.1516  0.0396  0.2972  3.2459  13.5047
0.0235  0.1527  0.0401  0.2996  3.2859  13.3966
0.0234  0.1523  0.0400  0.2985  3.3374  13.4220
0.0235  0.1529  0.0400  0.2983  3.2304  13.4209
0.0234  0.1521  0.0398  0.2935  3.2344  13.4476
0.0234  0.1519  0.0398  0.2989  3.3498  13.4588
0.0234  0.1518  0.0397  0.2971  3.2250  13.4866
0.0233  0.1516  0.0396  0.2930  3.2265  13.5002
0.0235  0.1527  0.0400  0.2986  3.2942  13.4164
0.0235  0.1525  0.0400  0.2901  3.3113  13.4210
0.0235  0.1529  0.0400  0.2993  3.3966  13.4094
0.0235  0.1526  0.0399  0.2981  3.2791  13.4297
0.0235  0.1529  0.0400  0.2987  3.3782  13.4193

rate=0.30: 20 rounds
------------------------------------------------
0.0219  0.1423  0.0386  0.2756  3.1793  13.7331
0.0218  0.1419  0.0385  0.2713  3.1746  13.7429
0.0219  0.1424  0.0386  0.2806  3.2110  13.7248
0.0217  0.1412  0.0382  0.2763  3.0618  13.8128
0.0220  0.1429  0.0387  0.2830  3.1977  13.7017
0.0219  0.1420  0.0384  0.2789  3.1438  13.7591
0.0222  0.1442  0.0391  0.2862  3.2596  13.6030
0.0219  0.1421  0.0384  0.2805  3.1874  13.7633
0.0219  0.1421  0.0386  0.2773  3.1353  13.7285
0.0219  0.1420  0.0385  0.2789  3.1687  13.7364
0.0220  0.1426  0.0385  0.2771  3.1027  13.7360
0.0219  0.1422  0.0386  0.2755  3.0950  13.7303
0.0218  0.1416  0.0384  0.2795  3.1930  13.7739
0.0218  0.1415  0.0383  0.2768  3.0993  13.7950
0.0218  0.1414  0.0382  0.2738  3.0706  13.8040
0.0219  0.1423  0.0385  0.2773  3.0980  13.7392
0.0219  0.1425  0.0386  0.2716  3.1662  13.7151
0.0220  0.1427  0.0387  0.2813  3.2761  13.7049
0.0219  0.1424  0.0386  0.2783  3.0967  13.7308
0.0219  0.1426  0.0386  0.2766  3.1754  13.7313

rate=0.35: 20 rounds
------------------------------------------------
0.0203  0.1322  0.0371  0.2558  2.9947  14.0626
0.0203  0.1319  0.0372  0.2530  3.0093  14.0544
0.0204  0.1326  0.0373  0.2626  3.0767  14.0210
0.0202  0.1314  0.0370  0.2589  2.9352  14.0973
0.0204  0.1328  0.0373  0.2648  3.0928  14.0119
0.0203  0.1322  0.0372  0.2596  2.9739  14.0491
0.0206  0.1337  0.0377  0.2653  3.1185  13.9315
0.0203  0.1319  0.0370  0.2616  3.0301  14.0865
0.0203  0.1319  0.0372  0.2582  2.9552  14.0528
0.0203  0.1321  0.0372  0.2620  3.0514  14.0390
0.0204  0.1324  0.0371  0.2575  2.9059  14.0630
0.0204  0.1323  0.0373  0.2576  2.9594  14.0309
0.0202  0.1313  0.0369  0.2582  2.9938  14.1067
0.0202  0.1314  0.0369  0.2583  2.9377  14.1163
0.0202  0.1313  0.0368  0.2542  2.9195  14.1303
0.0203  0.1318  0.0370  0.2569  2.9468  14.0963
0.0204  0.1324  0.0373  0.2536  3.0041  14.0241
0.0204  0.1323  0.0372  0.2614  3.1347  14.0509
0.0204  0.1325  0.0372  0.2596  2.9209  14.0404
0.0204  0.1326  0.0372  0.2578  3.0541  14.0432

rate=0.40: 20 rounds
------------------------------------------------
0.0188  0.1220  0.0357  0.2361  2.8706  14.3942
0.0187  0.1215  0.0356  0.2341  2.8789  14.4151
0.0188  0.1222  0.0358  0.2449  2.9301  14.3778
0.0187  0.1217  0.0356  0.2411  2.7887  14.4225
0.0188  0.1221  0.0358  0.2414  2.9003  14.3896
0.0188  0.1220  0.0357  0.2415  2.8366  14.4038
0.0190  0.1233  0.0362  0.2450  2.9236  14.2766
0.0187  0.1215  0.0355  0.2412  2.8318  14.4605
0.0188  0.1219  0.0357  0.2380  2.8041  14.3916
0.0188  0.1224  0.0359  0.2433  2.8925  14.3621
0.0188  0.1221  0.0356  0.2392  2.7591  14.4173
0.0188  0.1223  0.0358  0.2401  2.8280  14.3660
0.0186  0.1211  0.0354  0.2378  2.8327  14.4720
0.0187  0.1216  0.0355  0.2385  2.7836  14.4460
0.0187  0.1217  0.0355  0.2341  2.7970  14.4441
0.0188  0.1219  0.0356  0.2382  2.7882  14.4365
0.0188  0.1222  0.0358  0.2354  2.8455  14.3732
0.0188  0.1220  0.0357  0.2406  2.9439  14.4011
0.0188  0.1224  0.0358  0.2400  2.7996  14.3706
0.0189  0.1225  0.0358  0.2388  2.9142  14.3733

rate=0.45: 20 rounds
------------------------------------------------
0.0173  0.1121  0.0343  0.2185  2.7149  14.7519
0.0171  0.1109  0.0340  0.2135  2.6737  14.8381
0.0173  0.1123  0.0343  0.2267  2.7767  14.7382
0.0172  0.1116  0.0341  0.2226  2.6395  14.7906
0.0172  0.1120  0.0343  0.2224  2.7177  14.7598
0.0172  0.1118  0.0342  0.2229  2.6839  14.7720
0.0174  0.1130  0.0346  0.2228  2.7467  14.6625
0.0171  0.1114  0.0339  0.2160  2.6692  14.8470
0.0172  0.1118  0.0342  0.2206  2.6990  14.7716
0.0173  0.1122  0.0343  0.2248  2.7309  14.7403
0.0172  0.1119  0.0341  0.2188  2.5996  14.7929
0.0173  0.1124  0.0344  0.2219  2.6773  14.7149
0.0171  0.1109  0.0339  0.2199  2.6591  14.8488
0.0172  0.1116  0.0341  0.2220  2.6808  14.8017
0.0172  0.1117  0.0341  0.2156  2.6454  14.8086
0.0172  0.1115  0.0340  0.2133  2.6301  14.8333
0.0173  0.1121  0.0344  0.2143  2.6782  14.7344
0.0172  0.1119  0.0342  0.2215  2.7097  14.7774
0.0173  0.1122  0.0343  0.2209  2.6608  14.7476
0.0173  0.1122  0.0342  0.2177  2.7408  14.7662

rate=0.50: 20 rounds
------------------------------------------------
0.0157  0.1020  0.0328  0.2003  2.5670  15.1515
0.0155  0.1009  0.0324  0.1946  2.5236  15.2473
0.0157  0.1020  0.0327  0.2064  2.6083  15.1659
0.0156  0.1013  0.0325  0.2019  2.4556  15.2112
0.0156  0.1015  0.0326  0.2022  2.5291  15.2023
0.0156  0.1017  0.0326  0.2037  2.4933  15.1889
0.0158  0.1025  0.0329  0.2029  2.5661  15.1056
0.0156  0.1014  0.0324  0.1971  2.5143  15.2552
0.0157  0.1019  0.0328  0.2009  2.5867  15.1466
0.0157  0.1019  0.0328  0.2043  2.5941  15.1405
0.0156  0.1015  0.0324  0.1976  2.3644  15.2378
0.0157  0.1021  0.0329  0.2030  2.5308  15.1198
0.0156  0.1011  0.0324  0.2025  2.4983  15.2435
0.0156  0.1012  0.0324  0.1977  2.4546  15.2516
0.0156  0.1016  0.0325  0.1961  2.4713  15.2110
0.0156  0.1015  0.0325  0.1945  2.4546  15.2252
0.0157  0.1022  0.0328  0.1938  2.5010  15.1285
0.0157  0.1018  0.0326  0.2037  2.5820  15.1871
0.0157  0.1021  0.0328  0.1967  2.4985  15.1438
0.0157  0.1020  0.0326  0.1962  2.5284  15.1856

rate=0.55: 20 rounds
------------------------------------------------
0.0141  0.0918  0.0310  0.1800  2.3099  15.6209
0.0139  0.0906  0.0306  0.1738  2.2928  15.7339
0.0141  0.0919  0.0310  0.1832  2.4309  15.6228
0.0140  0.0911  0.0308  0.1823  2.2693  15.6844
0.0140  0.0910  0.0307  0.1818  2.3392  15.7001
0.0141  0.0914  0.0309  0.1846  2.3021  15.6588
0.0142  0.0924  0.0313  0.1824  2.3152  15.5414
0.0140  0.0912  0.0306  0.1766  2.2886  15.7346
0.0141  0.0918  0.0311  0.1795  2.3231  15.5961
0.0141  0.0916  0.0311  0.1830  2.3654  15.6032
0.0141  0.0916  0.0309  0.1792  2.1986  15.6577
0.0142  0.0922  0.0313  0.1834  2.3483  15.5361
0.0140  0.0909  0.0307  0.1825  2.2608  15.7265
0.0140  0.0910  0.0307  0.1802  2.3059  15.7005
0.0141  0.0917  0.0310  0.1784  2.2824  15.6372
0.0141  0.0916  0.0309  0.1772  2.3085  15.6539
0.0142  0.0921  0.0312  0.1744  2.2922  15.5651
0.0141  0.0916  0.0309  0.1848  2.3657  15.6511
0.0142  0.0920  0.0312  0.1797  2.3662  15.5608
0.0141  0.0916  0.0309  0.1766  2.3124  15.6590

rate=0.60: 20 rounds
------------------------------------------------
0.0125  0.0813  0.0291  0.1597  2.1066  16.1722
0.0124  0.0806  0.0289  0.1548  2.0762  16.2489
0.0125  0.0815  0.0292  0.1631  2.2020  16.1553
0.0124  0.0805  0.0289  0.1634  2.0601  16.2429
0.0125  0.0810  0.0290  0.1624  2.1382  16.2003
0.0125  0.0811  0.0291  0.1648  2.1377  16.1864
0.0126  0.0820  0.0295  0.1637  2.1169  16.0621
0.0125  0.0812  0.0289  0.1577  2.0857  16.2313
0.0126  0.0816  0.0293  0.1561  2.0829  16.1153
0.0125  0.0813  0.0292  0.1622  2.1478  16.1412
0.0125  0.0815  0.0292  0.1591  2.0128  16.1596
0.0126  0.0817  0.0294  0.1619  2.1318  16.0775
0.0124  0.0807  0.0288  0.1631  2.0721  16.2592
0.0125  0.0810  0.0290  0.1613  2.1293  16.2021
0.0125  0.0813  0.0291  0.1575  2.0999  16.1856
0.0125  0.0814  0.0291  0.1586  2.0734  16.1642
0.0126  0.0819  0.0295  0.1537  2.0816  16.0633
0.0125  0.0815  0.0292  0.1645  2.1800  16.1449
0.0126  0.0817  0.0294  0.1594  2.1408  16.0861
0.0125  0.0811  0.0291  0.1551  2.1055  16.1847

rate=0.65: 20 rounds
------------------------------------------------
0.0109  0.0711  0.0273  0.1351  1.8859  16.7404
0.0109  0.0707  0.0271  0.1348  1.8800  16.8044
0.0110  0.0713  0.0273  0.1425  1.9922  16.7345
0.0109  0.0706  0.0271  0.1403  1.8780  16.7982
0.0109  0.0710  0.0272  0.1436  1.9356  16.7586
0.0110  0.0712  0.0273  0.1455  1.9582  16.7329
0.0110  0.0716  0.0275  0.1436  1.8680  16.6547
0.0109  0.0709  0.0270  0.1385  1.8831  16.8341
0.0110  0.0714  0.0274  0.1381  1.8500  16.6872
0.0109  0.0711  0.0274  0.1424  1.9127  16.7119
0.0110  0.0715  0.0274  0.1419  1.8510  16.7063
0.0110  0.0716  0.0276  0.1437  1.9570  16.6383
0.0109  0.0706  0.0270  0.1440  1.8813  16.8362
0.0109  0.0710  0.0271  0.1420  1.9179  16.7885
0.0109  0.0711  0.0272  0.1378  1.8822  16.7643
0.0109  0.0709  0.0271  0.1388  1.8548  16.8057
0.0110  0.0717  0.0276  0.1340  1.8786  16.6481
0.0110  0.0714  0.0274  0.1447  1.9798  16.7026
0.0110  0.0716  0.0275  0.1387  1.9104  16.6569
0.0109  0.0707  0.0271  0.1352  1.8506  16.7820

rate=0.70: 20 rounds
------------------------------------------------
0.0094  0.0609  0.0252  0.1151  1.6700  17.4157
0.0093  0.0606  0.0251  0.1150  1.6533  17.4784
0.0094  0.0609  0.0252  0.1213  1.7683  17.4200
0.0093  0.0605  0.0251  0.1165  1.6313  17.4668
0.0093  0.0607  0.0251  0.1218  1.6568  17.4678
0.0094  0.0610  0.0253  0.1247  1.6855  17.4027
0.0094  0.0614  0.0255  0.1236  1.6781  17.3331
0.0093  0.0606  0.0249  0.1190  1.6680  17.5473
0.0094  0.0613  0.0253  0.1193  1.6141  17.3791
0.0093  0.0608  0.0252  0.1177  1.6935  17.4119
0.0095  0.0614  0.0255  0.1198  1.6661  17.3395
0.0094  0.0613  0.0256  0.1211  1.7365  17.2902
0.0093  0.0607  0.0251  0.1238  1.7034  17.4759
0.0094  0.0610  0.0252  0.1229  1.6769  17.4360
0.0094  0.0609  0.0252  0.1177  1.6402  17.4443
0.0094  0.0610  0.0253  0.1190  1.6555  17.3976
0.0094  0.0613  0.0254  0.1147  1.6600  17.3564
0.0094  0.0612  0.0253  0.1238  1.7529  17.3764
0.0094  0.0612  0.0255  0.1189  1.6559  17.3399
0.0093  0.0607  0.0252  0.1160  1.6197  17.4412

rate=0.75: 20 rounds
------------------------------------------------
0.0078  0.0506  0.0230  0.0963  1.4217  18.2192
0.0078  0.0504  0.0229  0.0959  1.4168  18.2704
0.0078  0.0509  0.0231  0.1007  1.5114  18.1783
0.0078  0.0505  0.0230  0.0975  1.4085  18.2216
0.0078  0.0505  0.0229  0.0981  1.4220  18.2769
0.0078  0.0509  0.0232  0.1046  1.4584  18.1639
0.0078  0.0509  0.0231  0.1009  1.4104  18.1776
0.0078  0.0504  0.0226  0.0973  1.4208  18.3666
0.0078  0.0510  0.0231  0.0991  1.3976  18.1943
0.0078  0.0508  0.0232  0.0981  1.4597  18.1527
0.0078  0.0509  0.0231  0.0992  1.4090  18.1878
0.0079  0.0512  0.0235  0.1002  1.4726  18.0503
0.0078  0.0507  0.0229  0.1046  1.4827  18.2451
0.0078  0.0509  0.0230  0.1043  1.4549  18.2157
0.0078  0.0508  0.0230  0.0960  1.3864  18.2196
0.0078  0.0508  0.0230  0.0987  1.4275  18.2112
0.0079  0.0513  0.0233  0.0964  1.4470  18.1123
0.0079  0.0511  0.0231  0.1030  1.5274  18.1678
0.0078  0.0509  0.0232  0.0992  1.4331  18.1467
0.0078  0.0505  0.0229  0.0959  1.3976  18.2685

rate=0.80: 20 rounds
------------------------------------------------
0.0062  0.0402  0.0204  0.0765  1.1587  19.2721
0.0063  0.0407  0.0207  0.0788  1.1934  19.1402
0.0063  0.0408  0.0207  0.0815  1.2577  19.1316
0.0062  0.0403  0.0205  0.0776  1.1634  19.2119
0.0062  0.0405  0.0205  0.0786  1.1641  19.2247
0.0063  0.0407  0.0207  0.0806  1.1895  19.1496
0.0062  0.0404  0.0204  0.0809  1.1509  19.2466
0.0062  0.0404  0.0203  0.0794  1.2033  19.3124
0.0063  0.0409  0.0208  0.0771  1.1583  19.1087
0.0062  0.0406  0.0207  0.0785  1.1935  19.1194
0.0062  0.0405  0.0205  0.0780  1.1835  19.2054
0.0063  0.0410  0.0210  0.0811  1.2313  19.0117
0.0063  0.0406  0.0205  0.0843  1.1988  19.2200
0.0063  0.0409  0.0207  0.0839  1.2131  19.1514
0.0063  0.0408  0.0207  0.0772  1.1505  19.1477
0.0062  0.0406  0.0205  0.0763  1.1679  19.2120
0.0063  0.0409  0.0208  0.0766  1.1866  19.0814
0.0063  0.0408  0.0206  0.0805  1.2681  19.1581
0.0063  0.0409  0.0208  0.0795  1.1742  19.0996
0.0062  0.0403  0.0205  0.0778  1.1552  19.2249

rate=0.85: 20 rounds
------------------------------------------------
0.0047  0.0302  0.0177  0.0583  0.9166  20.4913
0.0047  0.0303  0.0178  0.0590  0.9157  20.4478
0.0047  0.0305  0.0180  0.0614  0.9766  20.3723
0.0047  0.0302  0.0177  0.0600  0.8930  20.4804
0.0046  0.0301  0.0176  0.0571  0.8968  20.5696
0.0047  0.0304  0.0179  0.0594  0.9159  20.4033
0.0047  0.0303  0.0177  0.0591  0.9001  20.4862
0.0046  0.0302  0.0175  0.0604  0.9290  20.5746
0.0047  0.0308  0.0181  0.0564  0.8891  20.3258
0.0047  0.0304  0.0180  0.0603  0.9463  20.3716
0.0047  0.0303  0.0178  0.0581  0.8953  20.4659
0.0047  0.0308  0.0181  0.0606  0.9318  20.2871
0.0047  0.0303  0.0177  0.0644  0.9229  20.4818
0.0047  0.0306  0.0178  0.0609  0.9578  20.4500
0.0047  0.0306  0.0180  0.0588  0.9231  20.3700
0.0047  0.0303  0.0177  0.0564  0.8908  20.4859
0.0047  0.0305  0.0179  0.0571  0.9064  20.3847
0.0047  0.0305  0.0178  0.0598  0.9483  20.4330
0.0047  0.0308  0.0180  0.0594  0.9211  20.3425
0.0047  0.0303  0.0178  0.0564  0.9149  20.4483

rate=0.90: 20 rounds
------------------------------------------------
0.0031  0.0201  0.0144  0.0383  0.6813  22.2926
0.0031  0.0203  0.0147  0.0395  0.6676  22.1080
0.0031  0.0203  0.0146  0.0394  0.6808  22.1613
0.0031  0.0201  0.0144  0.0399  0.6708  22.2818
0.0031  0.0203  0.0146  0.0374  0.6615  22.1741
0.0031  0.0201  0.0144  0.0407  0.6568  22.3140
0.0031  0.0202  0.0144  0.0385  0.6586  22.2844
0.0031  0.0203  0.0144  0.0415  0.6670  22.2913
0.0032  0.0206  0.0148  0.0378  0.6697  22.0758
0.0031  0.0202  0.0146  0.0407  0.6984  22.1813
0.0031  0.0201  0.0145  0.0373  0.6626  22.2330
0.0032  0.0206  0.0149  0.0399  0.6818  21.9825
0.0031  0.0203  0.0146  0.0461  0.6808  22.1936
0.0031  0.0202  0.0144  0.0400  0.6866  22.3066
0.0031  0.0204  0.0147  0.0408  0.6633  22.1380
0.0031  0.0202  0.0145  0.0371  0.6565  22.2512
0.0031  0.0205  0.0147  0.0374  0.6560  22.0956
0.0031  0.0203  0.0146  0.0395  0.6780  22.1963
0.0032  0.0205  0.0147  0.0395  0.6744  22.0961
0.0031  0.0201  0.0144  0.0365  0.6659  22.2774

