======== Average result summary ========
Metric:  |  MAE  |  NMAE  |  RMSE  |  MRE  |  NNPRE  |  SNR  
rate=0.05: 0.0337  0.2193  0.0503  0.3794  3.3139  11.4299
rate=0.10: 0.0274  0.1781  0.0424  0.3167  3.0126  12.9123
rate=0.15: 0.0256  0.1666  0.0408  0.2957  2.8245  13.2455
rate=0.20: 0.0239  0.1553  0.0393  0.2759  2.7242  13.5775
rate=0.25: 0.0222  0.1444  0.0378  0.2558  2.5997  13.9155
rate=0.30: 0.0208  0.1351  0.0364  0.2385  2.4729  14.2245
rate=0.35: 0.0192  0.1250  0.0350  0.2228  2.4027  14.5627
rate=0.40: 0.0178  0.1159  0.0337  0.2075  2.2993  14.9147
rate=0.45: 0.0162  0.1056  0.0321  0.1897  2.1721  15.3264
rate=0.50: 0.0147  0.0955  0.0304  0.1730  2.0566  15.7963
rate=0.55: 0.0132  0.0855  0.0287  0.1507  1.9106  16.2911
rate=0.60: 0.0117  0.0758  0.0271  0.1343  1.7225  16.8105
rate=0.65: 0.0103  0.0667  0.0254  0.1198  1.5248  17.3608
rate=0.70: 0.0087  0.0567  0.0234  0.1035  1.3884  18.0568
rate=0.75: 0.0073  0.0472  0.0214  0.0889  1.2121  18.8556
rate=0.80: 0.0059  0.0380  0.0193  0.0702  0.9937  19.7308
rate=0.85: 0.0043  0.0280  0.0164  0.0494  0.7556  21.1790
rate=0.90: 0.0029  0.0187  0.0135  0.0341  0.5926  22.8546
rate=0.95: 0.0014  0.0092  0.0094  0.0188  0.3744  25.9929
