======== Average result summary ========
Metric:  |  MAE  |  NMAE  |  RMSE  |  MRE  |  NNPRE  |  SNR  
rate=0.05: 0.0565  0.2923  0.0770  0.8192  5.6254  9.0995
rate=0.10: 0.0523  0.2705  0.0737  0.7565  5.2941  9.4766
rate=0.15: 0.0482  0.2494  0.0705  0.6935  4.9410  9.8701
rate=0.20: 0.0442  0.2290  0.0672  0.6351  4.5726  10.2832
rate=0.25: 0.0404  0.2093  0.0639  0.5677  4.2030  10.7174
rate=0.30: 0.0368  0.1904  0.0606  0.5102  3.8143  11.1730
rate=0.35: 0.0333  0.1723  0.0574  0.4539  3.4171  11.6539
rate=0.40: 0.0299  0.1547  0.0540  0.4082  3.0492  12.1736
rate=0.45: 0.0266  0.1379  0.0507  0.3592  2.7138  12.7313
rate=0.50: 0.0235  0.1219  0.0474  0.3162  2.4055  13.3166
rate=0.55: 0.0206  0.1066  0.0440  0.2795  2.1187  13.9611
rate=0.60: 0.0178  0.0919  0.0406  0.2375  1.8419  14.6660
rate=0.65: 0.0151  0.0780  0.0370  0.2045  1.5775  15.4555
rate=0.70: 0.0125  0.0647  0.0334  0.1653  1.3245  16.3481
rate=0.75: 0.0101  0.0522  0.0297  0.1335  1.0902  17.3714
rate=0.80: 0.0078  0.0403  0.0258  0.1035  0.8755  18.5932
rate=0.85: 0.0056  0.0292  0.0217  0.0753  0.6909  20.0936
rate=0.90: 0.0036  0.0188  0.0172  0.0474  0.5233  22.1232

======== Detailed results ========
rate=0.05: 20 rounds
------------------------------------------------
0.0564  0.2922  0.0770  0.8285  5.6090  9.1022
0.0565  0.2922  0.0770  0.8226  5.6102  9.1022
0.0565  0.2922  0.0770  0.8200  5.6073  9.1017
0.0565  0.2922  0.0770  0.8210  5.6056  9.1007
0.0565  0.2924  0.0770  0.8234  5.6207  9.0989
0.0565  0.2924  0.0770  0.8188  5.6167  9.0981
0.0565  0.2922  0.0770  0.8254  5.6309  9.1029
0.0565  0.2923  0.0770  0.8206  5.6288  9.0971
0.0565  0.2923  0.0770  0.8241  5.6387  9.1009
0.0565  0.2923  0.0770  0.8281  5.6339  9.1024
0.0565  0.2924  0.0770  0.8284  5.6351  9.1018
0.0565  0.2924  0.0769  0.8284  5.6363  9.1045
0.0565  0.2924  0.0770  0.7973  5.6227  9.1022
0.0565  0.2923  0.0770  0.8226  5.6112  9.1011
0.0565  0.2924  0.0770  0.8218  5.6206  9.0961
0.0565  0.2926  0.0771  0.8191  5.6206  9.0894
0.0565  0.2925  0.0770  0.8210  5.6334  9.0930
0.0565  0.2924  0.0770  0.8229  5.6359  9.0977
0.0565  0.2924  0.0770  0.7772  5.6405  9.0976
0.0565  0.2924  0.0770  0.8137  5.6491  9.0993

rate=0.10: 20 rounds
------------------------------------------------
0.0522  0.2703  0.0737  0.7763  5.2775  9.4813
0.0522  0.2704  0.0737  0.7471  5.2604  9.4767
0.0522  0.2704  0.0737  0.7279  5.2502  9.4754
0.0522  0.2704  0.0737  0.7657  5.2547  9.4761
0.0522  0.2705  0.0738  0.7627  5.2719  9.4721
0.0523  0.2705  0.0738  0.7627  5.2736  9.4692
0.0523  0.2705  0.0737  0.7723  5.2904  9.4747
0.0522  0.2704  0.0737  0.7639  5.2941  9.4799
0.0522  0.2704  0.0737  0.7608  5.3071  9.4819
0.0523  0.2705  0.0737  0.7736  5.3253  9.4807
0.0523  0.2705  0.0737  0.7760  5.3207  9.4794
0.0523  0.2706  0.0737  0.7750  5.3140  9.4801
0.0523  0.2705  0.0737  0.7288  5.3045  9.4783
0.0522  0.2704  0.0737  0.7179  5.2920  9.4791
0.0522  0.2705  0.0737  0.7664  5.3053  9.4756
0.0523  0.2705  0.0738  0.7553  5.2904  9.4721
0.0523  0.2706  0.0738  0.7658  5.2921  9.4727
0.0523  0.2705  0.0737  0.7697  5.3232  9.4773
0.0523  0.2705  0.0737  0.7186  5.3227  9.4751
0.0523  0.2706  0.0737  0.7429  5.3120  9.4751

rate=0.15: 20 rounds
------------------------------------------------
0.0482  0.2493  0.0704  0.6960  4.9057  9.8719
0.0482  0.2493  0.0704  0.6874  4.8808  9.8710
0.0481  0.2492  0.0704  0.6752  4.8811  9.8728
0.0481  0.2492  0.0704  0.7132  4.8941  9.8722
0.0482  0.2494  0.0705  0.7055  4.9337  9.8658
0.0482  0.2494  0.0705  0.7125  4.9391  9.8643
0.0482  0.2493  0.0705  0.7089  4.9405  9.8693
0.0482  0.2493  0.0704  0.7148  4.9439  9.8736
0.0482  0.2493  0.0704  0.7061  4.9517  9.8750
0.0482  0.2494  0.0704  0.7190  4.9664  9.8716
0.0482  0.2495  0.0705  0.6768  4.9631  9.8681
0.0482  0.2495  0.0705  0.6878  4.9492  9.8693
0.0482  0.2494  0.0704  0.6756  4.9502  9.8706
0.0482  0.2493  0.0704  0.6605  4.9490  9.8729
0.0482  0.2494  0.0705  0.6838  4.9576  9.8679
0.0482  0.2495  0.0705  0.6971  4.9471  9.8651
0.0482  0.2495  0.0705  0.7134  4.9465  9.8658
0.0482  0.2493  0.0704  0.6770  4.9750  9.8748
0.0482  0.2494  0.0704  0.6669  4.9755  9.8712
0.0482  0.2495  0.0705  0.6932  4.9701  9.8689

rate=0.20: 20 rounds
------------------------------------------------
0.0442  0.2288  0.0671  0.6395  4.5447  10.2888
0.0442  0.2288  0.0672  0.6394  4.5165  10.2855
0.0442  0.2287  0.0671  0.5818  4.5280  10.2904
0.0442  0.2288  0.0672  0.6196  4.5441  10.2850
0.0442  0.2289  0.0672  0.6143  4.5713  10.2798
0.0442  0.2290  0.0672  0.6554  4.5622  10.2773
0.0442  0.2290  0.0672  0.6588  4.5770  10.2813
0.0442  0.2289  0.0672  0.6635  4.5703  10.2867
0.0442  0.2290  0.0672  0.6530  4.5847  10.2855
0.0443  0.2291  0.0672  0.6686  4.5900  10.2796
0.0443  0.2291  0.0672  0.6248  4.5882  10.2785
0.0443  0.2291  0.0672  0.6352  4.5798  10.2822
0.0442  0.2290  0.0672  0.6200  4.5712  10.2842
0.0442  0.2289  0.0672  0.6105  4.5680  10.2845
0.0443  0.2291  0.0672  0.6228  4.5801  10.2785
0.0443  0.2291  0.0672  0.6461  4.5922  10.2781
0.0442  0.2290  0.0672  0.6607  4.5769  10.2795
0.0442  0.2288  0.0672  0.6256  4.6086  10.2863
0.0442  0.2289  0.0671  0.6165  4.5942  10.2872
0.0442  0.2290  0.0672  0.6448  4.6032  10.2852

rate=0.25: 20 rounds
------------------------------------------------
0.0404  0.2093  0.0639  0.5751  4.1650  10.7212
0.0404  0.2093  0.0639  0.5816  4.1480  10.7187
0.0404  0.2091  0.0638  0.5197  4.1605  10.7297
0.0404  0.2091  0.0638  0.5245  4.1671  10.7251
0.0404  0.2092  0.0639  0.5511  4.2000  10.7165
0.0405  0.2095  0.0640  0.6020  4.1801  10.7097
0.0404  0.2093  0.0639  0.6012  4.1995  10.7157
0.0404  0.2092  0.0639  0.6066  4.2223  10.7203
0.0404  0.2094  0.0639  0.5684  4.2224  10.7167
0.0405  0.2094  0.0639  0.6114  4.2241  10.7130
0.0405  0.2094  0.0639  0.5598  4.2302  10.7150
0.0404  0.2092  0.0639  0.5402  4.2064  10.7221
0.0404  0.2092  0.0639  0.5587  4.1854  10.7229
0.0404  0.2093  0.0639  0.5461  4.2065  10.7183
0.0405  0.2094  0.0639  0.5607  4.2095  10.7137
0.0405  0.2095  0.0640  0.5906  4.2184  10.7100
0.0405  0.2094  0.0639  0.6052  4.2264  10.7119
0.0404  0.2092  0.0639  0.5685  4.2371  10.7166
0.0404  0.2093  0.0639  0.5077  4.2292  10.7175
0.0405  0.2094  0.0639  0.5751  4.2228  10.7133

rate=0.30: 20 rounds
------------------------------------------------
0.0368  0.1904  0.0606  0.5298  3.7845  11.1767
0.0368  0.1903  0.0606  0.5308  3.7606  11.1756
0.0367  0.1902  0.0605  0.4536  3.7823  11.1862
0.0368  0.1903  0.0606  0.4773  3.7843  11.1786
0.0368  0.1905  0.0607  0.5010  3.8167  11.1700
0.0368  0.1905  0.0607  0.5551  3.7852  11.1685
0.0368  0.1904  0.0607  0.5479  3.8017  11.1713
0.0368  0.1902  0.0606  0.5172  3.8267  11.1778
0.0368  0.1904  0.0606  0.5162  3.8213  11.1740
0.0368  0.1905  0.0607  0.5190  3.8380  11.1643
0.0368  0.1906  0.0607  0.5136  3.8593  11.1663
0.0368  0.1904  0.0606  0.4542  3.8292  11.1761
0.0368  0.1903  0.0606  0.5044  3.8022  11.1796
0.0368  0.1904  0.0606  0.4984  3.8046  11.1754
0.0368  0.1905  0.0607  0.4907  3.8070  11.1711
0.0368  0.1906  0.0607  0.5387  3.8234  11.1663
0.0368  0.1905  0.0607  0.5580  3.8413  11.1683
0.0368  0.1904  0.0607  0.5137  3.8617  11.1704
0.0368  0.1904  0.0606  0.4575  3.8284  11.1717
0.0368  0.1905  0.0607  0.5271  3.8286  11.1711

rate=0.35: 20 rounds
------------------------------------------------
0.0333  0.1722  0.0573  0.4364  3.4124  11.6585
0.0333  0.1722  0.0573  0.4723  3.3927  11.6596
0.0332  0.1720  0.0573  0.3986  3.3981  11.6700
0.0332  0.1720  0.0573  0.4230  3.3950  11.6637
0.0333  0.1723  0.0574  0.4499  3.4013  11.6520
0.0333  0.1723  0.0574  0.5007  3.3944  11.6504
0.0333  0.1723  0.0574  0.4996  3.4047  11.6460
0.0332  0.1721  0.0573  0.4640  3.4339  11.6589
0.0333  0.1722  0.0574  0.4645  3.4249  11.6557
0.0333  0.1724  0.0574  0.4512  3.4358  11.6433
0.0333  0.1725  0.0574  0.4681  3.4317  11.6456
0.0333  0.1722  0.0574  0.4015  3.4174  11.6570
0.0333  0.1722  0.0573  0.4527  3.4038  11.6599
0.0333  0.1723  0.0574  0.4475  3.4198  11.6541
0.0333  0.1723  0.0574  0.4235  3.4257  11.6476
0.0333  0.1724  0.0574  0.4947  3.4271  11.6473
0.0333  0.1722  0.0574  0.5004  3.4317  11.6510
0.0333  0.1722  0.0574  0.4496  3.4498  11.6506
0.0333  0.1723  0.0574  0.4049  3.4245  11.6514
0.0333  0.1722  0.0574  0.4759  3.4179  11.6548

rate=0.40: 20 rounds
------------------------------------------------
0.0299  0.1548  0.0540  0.3970  3.0652  12.1752
0.0299  0.1548  0.0541  0.4336  3.0444  12.1711
0.0298  0.1545  0.0539  0.3573  3.0422  12.1894
0.0299  0.1546  0.0540  0.3793  3.0358  12.1821
0.0299  0.1548  0.0541  0.4068  3.0394  12.1704
0.0299  0.1547  0.0541  0.4598  3.0253  12.1697
0.0299  0.1548  0.0541  0.4514  3.0295  12.1720
0.0299  0.1546  0.0540  0.4147  3.0647  12.1790
0.0299  0.1547  0.0540  0.4140  3.0527  12.1761
0.0299  0.1548  0.0541  0.4062  3.0549  12.1675
0.0299  0.1549  0.0541  0.4260  3.0587  12.1663
0.0299  0.1546  0.0540  0.3600  3.0592  12.1795
0.0299  0.1547  0.0540  0.4032  3.0355  12.1809
0.0299  0.1547  0.0540  0.4004  3.0418  12.1769
0.0299  0.1549  0.0541  0.3776  3.0414  12.1655
0.0299  0.1548  0.0541  0.4275  3.0587  12.1703
0.0299  0.1548  0.0541  0.4523  3.0598  12.1702
0.0299  0.1547  0.0541  0.4039  3.0707  12.1679
0.0299  0.1548  0.0541  0.3584  3.0386  12.1702
0.0299  0.1548  0.0540  0.4350  3.0663  12.1726

rate=0.45: 20 rounds
------------------------------------------------
0.0266  0.1378  0.0507  0.3537  2.7081  12.7363
0.0266  0.1378  0.0507  0.3906  2.7137  12.7309
0.0266  0.1377  0.0506  0.3180  2.7073  12.7467
0.0266  0.1376  0.0506  0.3367  2.7138  12.7422
0.0267  0.1380  0.0507  0.3696  2.7129  12.7246
0.0266  0.1379  0.0507  0.4177  2.7135  12.7208
0.0267  0.1380  0.0507  0.3878  2.7078  12.7251
0.0266  0.1378  0.0507  0.3706  2.7175  12.7350
0.0266  0.1379  0.0507  0.3755  2.7107  12.7281
0.0266  0.1379  0.0507  0.3393  2.7237  12.7227
0.0267  0.1380  0.0507  0.3551  2.7270  12.7197
0.0266  0.1377  0.0506  0.3203  2.7113  12.7439
0.0266  0.1378  0.0506  0.3444  2.7017  12.7378
0.0266  0.1378  0.0506  0.3542  2.6994  12.7376
0.0266  0.1379  0.0507  0.3383  2.7002  12.7294
0.0266  0.1379  0.0507  0.3866  2.7202  12.7296
0.0266  0.1379  0.0507  0.3720  2.7200  12.7301
0.0266  0.1379  0.0507  0.3634  2.7273  12.7253
0.0266  0.1379  0.0507  0.3120  2.7105  12.7309
0.0266  0.1379  0.0507  0.3783  2.7293  12.7285

rate=0.50: 20 rounds
------------------------------------------------
0.0235  0.1218  0.0474  0.3099  2.3946  13.3198
0.0235  0.1218  0.0474  0.3503  2.4040  13.3167
0.0235  0.1216  0.0473  0.2748  2.3873  13.3376
0.0235  0.1216  0.0473  0.2862  2.4024  13.3294
0.0236  0.1219  0.0474  0.3306  2.4028  13.3105
0.0236  0.1219  0.0474  0.3522  2.3995  13.3036
0.0236  0.1219  0.0474  0.3527  2.3959  13.3151
0.0235  0.1219  0.0474  0.3330  2.4047  13.3152
0.0236  0.1219  0.0474  0.3375  2.4101  13.3116
0.0236  0.1220  0.0474  0.3004  2.4188  13.3061
0.0236  0.1220  0.0475  0.3153  2.4267  13.3026
0.0235  0.1218  0.0473  0.2816  2.4111  13.3251
0.0236  0.1219  0.0474  0.3083  2.4099  13.3161
0.0236  0.1219  0.0473  0.3139  2.4018  13.3229
0.0235  0.1219  0.0474  0.2977  2.3883  13.3180
0.0235  0.1219  0.0474  0.3475  2.4173  13.3203
0.0236  0.1219  0.0474  0.3299  2.4012  13.3120
0.0236  0.1219  0.0474  0.2946  2.4194  13.3113
0.0235  0.1219  0.0474  0.2689  2.4040  13.3215
0.0236  0.1219  0.0474  0.3388  2.4109  13.3165

rate=0.55: 20 rounds
------------------------------------------------
0.0206  0.1065  0.0440  0.2745  2.1124  13.9641
0.0206  0.1066  0.0440  0.3060  2.1174  13.9559
0.0205  0.1063  0.0439  0.2479  2.1034  13.9876
0.0205  0.1063  0.0439  0.2526  2.1132  13.9772
0.0206  0.1066  0.0440  0.2918  2.1215  13.9622
0.0206  0.1065  0.0440  0.3188  2.1060  13.9586
0.0206  0.1066  0.0440  0.3136  2.1124  13.9666
0.0206  0.1066  0.0440  0.2799  2.1198  13.9557
0.0206  0.1067  0.0440  0.2987  2.1186  13.9519
0.0206  0.1066  0.0440  0.2680  2.1280  13.9510
0.0206  0.1067  0.0441  0.2706  2.1395  13.9484
0.0206  0.1065  0.0440  0.2440  2.1287  13.9660
0.0206  0.1066  0.0440  0.2731  2.1254  13.9598
0.0206  0.1066  0.0440  0.2802  2.1285  13.9654
0.0206  0.1066  0.0440  0.2616  2.1071  13.9558
0.0206  0.1066  0.0440  0.3138  2.1203  13.9566
0.0206  0.1066  0.0440  0.2965  2.1162  13.9551
0.0206  0.1066  0.0440  0.2603  2.1259  13.9509
0.0206  0.1065  0.0440  0.2351  2.1136  13.9675
0.0206  0.1065  0.0440  0.3028  2.1151  13.9660

rate=0.60: 20 rounds
------------------------------------------------
0.0178  0.0919  0.0405  0.2374  1.8331  14.6722
0.0178  0.0920  0.0406  0.2359  1.8374  14.6611
0.0177  0.0917  0.0404  0.2096  1.8297  14.6960
0.0177  0.0918  0.0405  0.2126  1.8354  14.6805
0.0177  0.0919  0.0405  0.2463  1.8356  14.6747
0.0178  0.0919  0.0406  0.2817  1.8284  14.6626
0.0178  0.0919  0.0405  0.2728  1.8361  14.6726
0.0178  0.0919  0.0406  0.2411  1.8345  14.6640
0.0178  0.0920  0.0406  0.2394  1.8422  14.6569
0.0178  0.0920  0.0406  0.2279  1.8498  14.6472
0.0178  0.0920  0.0406  0.2310  1.8610  14.6543
0.0178  0.0919  0.0406  0.2019  1.8603  14.6678
0.0178  0.0921  0.0406  0.2317  1.8518  14.6553
0.0178  0.0920  0.0406  0.2417  1.8563  14.6648
0.0178  0.0920  0.0406  0.2259  1.8379  14.6599
0.0178  0.0920  0.0406  0.2763  1.8493  14.6604
0.0178  0.0919  0.0405  0.2569  1.8404  14.6700
0.0178  0.0919  0.0406  0.2231  1.8495  14.6602
0.0178  0.0919  0.0405  0.1940  1.8311  14.6733
0.0178  0.0919  0.0406  0.2623  1.8378  14.6668

rate=0.65: 20 rounds
------------------------------------------------
0.0151  0.0780  0.0370  0.2106  1.5704  15.4540
0.0151  0.0781  0.0371  0.2077  1.5663  15.4387
0.0150  0.0779  0.0369  0.1760  1.5671  15.4798
0.0150  0.0779  0.0370  0.1867  1.5787  15.4627
0.0151  0.0779  0.0370  0.2174  1.5696  15.4558
0.0151  0.0779  0.0370  0.2411  1.5650  15.4543
0.0151  0.0779  0.0370  0.2459  1.5700  15.4626
0.0151  0.0779  0.0370  0.2148  1.5716  15.4559
0.0151  0.0780  0.0370  0.2119  1.5717  15.4545
0.0151  0.0781  0.0371  0.1960  1.5894  15.4406
0.0151  0.0780  0.0371  0.1975  1.6064  15.4443
0.0151  0.0780  0.0370  0.1740  1.5923  15.4597
0.0151  0.0781  0.0371  0.2038  1.5851  15.4415
0.0151  0.0781  0.0370  0.1800  1.5795  15.4565
0.0151  0.0780  0.0371  0.1994  1.5770  15.4522
0.0151  0.0780  0.0371  0.2454  1.5829  15.4468
0.0150  0.0779  0.0370  0.2209  1.5644  15.4706
0.0151  0.0779  0.0370  0.1970  1.5932  15.4606
0.0151  0.0780  0.0370  0.1680  1.5705  15.4626
0.0151  0.0780  0.0370  0.1966  1.5794  15.4563

rate=0.70: 20 rounds
------------------------------------------------
0.0125  0.0648  0.0334  0.1791  1.3207  16.3436
0.0125  0.0647  0.0335  0.1775  1.3201  16.3364
0.0125  0.0646  0.0333  0.1415  1.3194  16.3723
0.0125  0.0646  0.0334  0.1591  1.3278  16.3591
0.0125  0.0648  0.0335  0.1669  1.3162  16.3349
0.0125  0.0647  0.0334  0.1891  1.3214  16.3473
0.0125  0.0646  0.0334  0.1704  1.3199  16.3658
0.0125  0.0646  0.0334  0.1839  1.3248  16.3577
0.0125  0.0646  0.0334  0.1786  1.3209  16.3542
0.0125  0.0648  0.0335  0.1297  1.3353  16.3356
0.0125  0.0647  0.0334  0.1637  1.3473  16.3433
0.0125  0.0647  0.0334  0.1378  1.3281  16.3594
0.0125  0.0648  0.0335  0.1721  1.3284  16.3302
0.0125  0.0648  0.0334  0.1495  1.3226  16.3464
0.0125  0.0647  0.0335  0.1670  1.3256  16.3392
0.0125  0.0647  0.0334  0.2160  1.3227  16.3420
0.0125  0.0646  0.0334  0.1623  1.3170  16.3521
0.0125  0.0647  0.0334  0.1614  1.3298  16.3441
0.0125  0.0647  0.0334  0.1369  1.3213  16.3496
0.0125  0.0647  0.0334  0.1645  1.3214  16.3479

rate=0.75: 20 rounds
------------------------------------------------
0.0101  0.0522  0.0297  0.1495  1.0917  17.3622
0.0101  0.0522  0.0297  0.1506  1.0839  17.3638
0.0101  0.0521  0.0296  0.1154  1.0767  17.3912
0.0101  0.0521  0.0297  0.1330  1.0922  17.3850
0.0101  0.0522  0.0297  0.1344  1.0828  17.3656
0.0101  0.0521  0.0297  0.1195  1.0883  17.3720
0.0101  0.0521  0.0296  0.1431  1.0919  17.3915
0.0101  0.0522  0.0297  0.1550  1.0860  17.3743
0.0101  0.0521  0.0297  0.1481  1.0835  17.3729
0.0101  0.0522  0.0298  0.1032  1.1003  17.3578
0.0101  0.0522  0.0298  0.1343  1.1051  17.3534
0.0101  0.0521  0.0297  0.1049  1.0984  17.3863
0.0101  0.0523  0.0298  0.1450  1.0897  17.3432
0.0101  0.0523  0.0298  0.0988  1.0855  17.3545
0.0101  0.0522  0.0297  0.1415  1.0917  17.3633
0.0101  0.0521  0.0297  0.1735  1.0918  17.3750
0.0101  0.0521  0.0297  0.1402  1.0896  17.3792
0.0101  0.0521  0.0297  0.1335  1.1001  17.3841
0.0101  0.0522  0.0297  0.1097  1.0852  17.3724
0.0101  0.0521  0.0297  0.1358  1.0887  17.3796

rate=0.80: 20 rounds
------------------------------------------------
0.0078  0.0403  0.0258  0.1203  0.8764  18.5811
0.0078  0.0403  0.0258  0.1280  0.8726  18.5792
0.0078  0.0402  0.0258  0.0890  0.8666  18.6030
0.0078  0.0402  0.0257  0.1090  0.8732  18.6191
0.0078  0.0403  0.0258  0.0758  0.8758  18.5833
0.0078  0.0403  0.0258  0.0939  0.8784  18.5841
0.0078  0.0402  0.0257  0.1197  0.8801  18.6155
0.0078  0.0403  0.0258  0.1240  0.8731  18.6001
0.0078  0.0403  0.0258  0.1246  0.8789  18.5820
0.0078  0.0404  0.0259  0.0741  0.8835  18.5717
0.0078  0.0403  0.0258  0.1114  0.8805  18.5850
0.0078  0.0402  0.0257  0.0814  0.8718  18.6202
0.0078  0.0404  0.0259  0.1215  0.8815  18.5749
0.0078  0.0404  0.0259  0.0776  0.8725  18.5776
0.0078  0.0403  0.0258  0.1105  0.8728  18.5853
0.0078  0.0403  0.0258  0.1062  0.8764  18.5858
0.0078  0.0402  0.0257  0.1143  0.8779  18.6192
0.0078  0.0402  0.0257  0.0989  0.8788  18.6165
0.0078  0.0403  0.0258  0.0809  0.8683  18.5984
0.0078  0.0403  0.0258  0.1090  0.8706  18.5823

rate=0.85: 20 rounds
------------------------------------------------
0.0057  0.0293  0.0218  0.0986  0.6920  20.0676
0.0056  0.0291  0.0217  0.1002  0.6886  20.0930
0.0056  0.0291  0.0217  0.0680  0.6880  20.0946
0.0056  0.0291  0.0217  0.0813  0.6911  20.1160
0.0056  0.0291  0.0217  0.0484  0.6923  20.0971
0.0056  0.0291  0.0217  0.0696  0.6892  20.0982
0.0056  0.0291  0.0216  0.0889  0.6925  20.1259
0.0056  0.0292  0.0217  0.0701  0.6882  20.0902
0.0056  0.0292  0.0217  0.0924  0.6905  20.0789
0.0057  0.0293  0.0218  0.0499  0.6943  20.0489
0.0056  0.0291  0.0217  0.0865  0.6925  20.0899
0.0056  0.0292  0.0218  0.0558  0.6910  20.0765
0.0056  0.0292  0.0218  0.1001  0.6932  20.0648
0.0056  0.0292  0.0217  0.0545  0.6882  20.0851
0.0056  0.0292  0.0218  0.0874  0.6917  20.0770
0.0056  0.0292  0.0217  0.0850  0.6935  20.0981
0.0056  0.0291  0.0216  0.0720  0.6891  20.1253
0.0056  0.0291  0.0216  0.0543  0.6931  20.1293
0.0056  0.0291  0.0217  0.0593  0.6874  20.1171
0.0056  0.0291  0.0217  0.0832  0.6923  20.0987

rate=0.90: 20 rounds
------------------------------------------------
0.0036  0.0188  0.0172  0.0499  0.5237  22.0923
0.0036  0.0188  0.0172  0.0817  0.5255  22.1145
0.0036  0.0187  0.0172  0.0459  0.5223  22.1374
0.0036  0.0187  0.0171  0.0553  0.5225  22.1560
0.0036  0.0188  0.0172  0.0289  0.5228  22.1065
0.0036  0.0187  0.0172  0.0484  0.5224  22.1115
0.0036  0.0187  0.0171  0.0646  0.5232  22.1747
0.0036  0.0188  0.0172  0.0343  0.5226  22.1242
0.0036  0.0188  0.0172  0.0735  0.5263  22.1250
0.0036  0.0188  0.0173  0.0313  0.5265  22.0797
0.0036  0.0187  0.0172  0.0481  0.5249  22.1302
0.0036  0.0187  0.0172  0.0334  0.5229  22.1243
0.0036  0.0188  0.0173  0.0332  0.5243  22.0796
0.0036  0.0188  0.0172  0.0379  0.5227  22.1195
0.0036  0.0188  0.0172  0.0328  0.5223  22.0981
0.0036  0.0187  0.0172  0.0651  0.5183  22.1335
0.0036  0.0187  0.0171  0.0529  0.5214  22.1448
0.0036  0.0187  0.0171  0.0307  0.5257  22.1431
0.0036  0.0187  0.0172  0.0353  0.5226  22.1350
0.0036  0.0187  0.0172  0.0655  0.5233  22.1337

