======== Average result summary ========
Metric:  |  MAE  |  NMAE  |  RMSE  |  MRE  |  NNPRE  |  SNR  
rate=0.05: 0.0582  0.3117  0.0804  0.7675  5.9980  8.6405
rate=0.10: 0.0538  0.2880  0.0766  0.6987  5.6280  9.0627
rate=0.15: 0.0504  0.2700  0.0739  0.6462  5.3129  9.3682
rate=0.20: 0.0474  0.2537  0.0716  0.6051  5.0578  9.6439
rate=0.25: 0.0444  0.2377  0.0693  0.5649  4.8100  9.9294
rate=0.30: 0.0415  0.2219  0.0670  0.5263  4.5621  10.2293
rate=0.35: 0.0385  0.2060  0.0645  0.4894  4.3116  10.5501
rate=0.40: 0.0355  0.1902  0.0620  0.4515  4.0567  10.8955
rate=0.45: 0.0326  0.1743  0.0594  0.4145  3.7981  11.2769
rate=0.50: 0.0296  0.1585  0.0566  0.3749  3.5344  11.6910
rate=0.55: 0.0266  0.1426  0.0537  0.3384  3.2713  12.1513
rate=0.60: 0.0237  0.1268  0.0506  0.3012  2.9949  12.6591
rate=0.65: 0.0207  0.1110  0.0474  0.2646  2.7052  13.2370
rate=0.70: 0.0178  0.0951  0.0438  0.2273  2.4078  13.9084
rate=0.75: 0.0148  0.0793  0.0400  0.1892  2.1034  14.7012
rate=0.80: 0.0118  0.0634  0.0358  0.1511  1.7760  15.6700
rate=0.85: 0.0089  0.0476  0.0310  0.1134  1.4311  16.9145
rate=0.90: 0.0059  0.0317  0.0253  0.0753  1.0321  18.6758
rate=0.95: 0.0030  0.0159  0.0180  0.0384  0.5950  21.6605

======== Detailed results ========
rate=0.05: 20 rounds
------------------------------------------------
0.0582  0.3117  0.0804  0.7652  5.9787  8.6442
0.0583  0.3119  0.0804  0.7683  5.9834  8.6394
0.0582  0.3116  0.0804  0.7694  5.9980  8.6433
0.0582  0.3116  0.0804  0.7650  6.0039  8.6459
0.0582  0.3118  0.0804  0.7645  5.9802  8.6395
0.0583  0.3118  0.0804  0.7680  6.0018  8.6361
0.0583  0.3118  0.0804  0.7642  5.9963  8.6392
0.0582  0.3116  0.0804  0.7674  6.0001  8.6430
0.0582  0.3117  0.0804  0.7665  6.0110  8.6382
0.0583  0.3118  0.0804  0.7662  6.0056  8.6402
0.0582  0.3118  0.0804  0.7635  6.0190  8.6423
0.0582  0.3117  0.0804  0.7662  5.9901  8.6433
0.0582  0.3117  0.0804  0.7712  5.9700  8.6400
0.0583  0.3119  0.0805  0.7700  5.9831  8.6349
0.0583  0.3119  0.0804  0.7703  6.0297  8.6358
0.0582  0.3117  0.0804  0.7765  6.0291  8.6427
0.0582  0.3116  0.0804  0.7687  6.0049  8.6439
0.0582  0.3117  0.0804  0.7653  5.9848  8.6414
0.0582  0.3118  0.0804  0.7662  6.0047  8.6410
0.0583  0.3119  0.0804  0.7675  5.9867  8.6367

rate=0.10: 20 rounds
------------------------------------------------
0.0538  0.2879  0.0766  0.7004  5.6329  9.0655
0.0538  0.2880  0.0766  0.7016  5.6185  9.0641
0.0538  0.2879  0.0766  0.7034  5.6346  9.0625
0.0538  0.2878  0.0766  0.6993  5.6303  9.0655
0.0538  0.2879  0.0766  0.6996  5.6135  9.0608
0.0538  0.2879  0.0766  0.7006  5.6332  9.0613
0.0538  0.2880  0.0766  0.6954  5.6196  9.0598
0.0538  0.2879  0.0766  0.6934  5.6378  9.0604
0.0538  0.2880  0.0766  0.6972  5.6318  9.0599
0.0538  0.2880  0.0766  0.7010  5.6373  9.0598
0.0538  0.2880  0.0766  0.7009  5.6326  9.0645
0.0538  0.2880  0.0766  0.6978  5.6314  9.0615
0.0538  0.2880  0.0766  0.7008  5.6141  9.0619
0.0538  0.2880  0.0766  0.6979  5.6229  9.0620
0.0538  0.2880  0.0766  0.6959  5.6343  9.0618
0.0538  0.2881  0.0766  0.6992  5.6322  9.0614
0.0538  0.2879  0.0766  0.6985  5.6311  9.0661
0.0538  0.2879  0.0766  0.6965  5.6168  9.0650
0.0538  0.2880  0.0766  0.6967  5.6264  9.0648
0.0538  0.2880  0.0766  0.6982  5.6295  9.0648

rate=0.15: 20 rounds
------------------------------------------------
0.0505  0.2701  0.0739  0.6491  5.3365  9.3698
0.0504  0.2700  0.0740  0.6470  5.3070  9.3672
0.0504  0.2700  0.0739  0.6488  5.3402  9.3682
0.0504  0.2699  0.0739  0.6460  5.3209  9.3696
0.0505  0.2701  0.0740  0.6500  5.3202  9.3637
0.0505  0.2701  0.0740  0.6466  5.3126  9.3653
0.0505  0.2701  0.0740  0.6450  5.3166  9.3662
0.0505  0.2701  0.0740  0.6409  5.3138  9.3647
0.0505  0.2701  0.0740  0.6439  5.3139  9.3665
0.0505  0.2701  0.0739  0.6462  5.3025  9.3684
0.0504  0.2700  0.0739  0.6469  5.3027  9.3711
0.0504  0.2700  0.0740  0.6435  5.2927  9.3667
0.0504  0.2700  0.0739  0.6462  5.2938  9.3680
0.0505  0.2701  0.0740  0.6450  5.3098  9.3664
0.0505  0.2701  0.0740  0.6443  5.3288  9.3672
0.0504  0.2700  0.0739  0.6454  5.3213  9.3684
0.0504  0.2700  0.0739  0.6495  5.3132  9.3706
0.0504  0.2699  0.0739  0.6469  5.2906  9.3715
0.0504  0.2700  0.0739  0.6463  5.3022  9.3728
0.0504  0.2700  0.0739  0.6471  5.3187  9.3720

rate=0.20: 20 rounds
------------------------------------------------
0.0474  0.2537  0.0716  0.6090  5.0747  9.6482
0.0474  0.2538  0.0716  0.6077  5.0671  9.6431
0.0474  0.2537  0.0716  0.6080  5.0704  9.6464
0.0474  0.2536  0.0716  0.6071  5.0539  9.6473
0.0474  0.2538  0.0716  0.6076  5.0627  9.6424
0.0474  0.2538  0.0716  0.6051  5.0558  9.6432
0.0474  0.2538  0.0717  0.6034  5.0570  9.6418
0.0474  0.2538  0.0717  0.5987  5.0625  9.6401
0.0474  0.2539  0.0717  0.6015  5.0570  9.6401
0.0474  0.2538  0.0716  0.6033  5.0659  9.6424
0.0474  0.2537  0.0716  0.6058  5.0467  9.6442
0.0474  0.2538  0.0717  0.6022  5.0491  9.6409
0.0474  0.2538  0.0717  0.6054  5.0433  9.6408
0.0474  0.2539  0.0717  0.6065  5.0515  9.6377
0.0474  0.2538  0.0717  0.6038  5.0578  9.6414
0.0474  0.2537  0.0716  0.6020  5.0664  9.6443
0.0474  0.2537  0.0716  0.6079  5.0603  9.6452
0.0474  0.2536  0.0716  0.6059  5.0532  9.6478
0.0474  0.2537  0.0716  0.6057  5.0534  9.6497
0.0474  0.2536  0.0716  0.6061  5.0468  9.6507

rate=0.25: 20 rounds
------------------------------------------------
0.0444  0.2377  0.0693  0.5693  4.8209  9.9296
0.0444  0.2378  0.0694  0.5696  4.8187  9.9252
0.0444  0.2377  0.0693  0.5675  4.8242  9.9304
0.0444  0.2377  0.0693  0.5661  4.8126  9.9300
0.0444  0.2378  0.0693  0.5651  4.8161  9.9261
0.0444  0.2378  0.0693  0.5631  4.8089  9.9270
0.0444  0.2379  0.0694  0.5623  4.8130  9.9250
0.0444  0.2378  0.0693  0.5565  4.8146  9.9259
0.0444  0.2378  0.0693  0.5611  4.8055  9.9287
0.0444  0.2378  0.0693  0.5659  4.8212  9.9297
0.0444  0.2377  0.0693  0.5666  4.8117  9.9306
0.0444  0.2377  0.0693  0.5645  4.8071  9.9286
0.0444  0.2378  0.0693  0.5666  4.7977  9.9264
0.0444  0.2379  0.0694  0.5674  4.8073  9.9249
0.0444  0.2378  0.0693  0.5649  4.8055  9.9285
0.0444  0.2377  0.0693  0.5619  4.8081  9.9316
0.0444  0.2377  0.0693  0.5668  4.8108  9.9320
0.0444  0.2376  0.0693  0.5650  4.7978  9.9340
0.0444  0.2376  0.0693  0.5630  4.7960  9.9360
0.0444  0.2376  0.0693  0.5653  4.8024  9.9378

rate=0.30: 20 rounds
------------------------------------------------
0.0414  0.2219  0.0669  0.5282  4.5715  10.2314
0.0415  0.2219  0.0670  0.5315  4.5738  10.2268
0.0415  0.2219  0.0670  0.5277  4.5722  10.2301
0.0415  0.2219  0.0670  0.5285  4.5650  10.2281
0.0415  0.2220  0.0670  0.5278  4.5672  10.2255
0.0415  0.2219  0.0670  0.5246  4.5546  10.2272
0.0415  0.2220  0.0670  0.5251  4.5660  10.2252
0.0415  0.2220  0.0670  0.5188  4.5641  10.2253
0.0415  0.2219  0.0670  0.5238  4.5620  10.2274
0.0415  0.2219  0.0670  0.5240  4.5736  10.2285
0.0415  0.2219  0.0670  0.5265  4.5628  10.2278
0.0415  0.2219  0.0670  0.5253  4.5605  10.2276
0.0415  0.2219  0.0670  0.5292  4.5433  10.2266
0.0415  0.2220  0.0670  0.5277  4.5658  10.2262
0.0415  0.2219  0.0670  0.5271  4.5611  10.2292
0.0414  0.2219  0.0670  0.5229  4.5555  10.2306
0.0414  0.2218  0.0669  0.5281  4.5625  10.2335
0.0414  0.2218  0.0669  0.5259  4.5512  10.2339
0.0414  0.2218  0.0669  0.5259  4.5490  10.2362
0.0414  0.2217  0.0669  0.5266  4.5596  10.2386

rate=0.35: 20 rounds
------------------------------------------------
0.0385  0.2061  0.0645  0.4908  4.3138  10.5497
0.0385  0.2061  0.0646  0.4949  4.3100  10.5468
0.0385  0.2060  0.0645  0.4906  4.3245  10.5506
0.0385  0.2060  0.0645  0.4907  4.3101  10.5517
0.0385  0.2061  0.0646  0.4905  4.3180  10.5465
0.0385  0.2061  0.0646  0.4873  4.3088  10.5474
0.0385  0.2062  0.0646  0.4874  4.3235  10.5449
0.0385  0.2062  0.0646  0.4821  4.3163  10.5428
0.0385  0.2061  0.0646  0.4866  4.3124  10.5469
0.0385  0.2061  0.0645  0.4880  4.3238  10.5497
0.0385  0.2061  0.0645  0.4899  4.3032  10.5491
0.0385  0.2060  0.0645  0.4904  4.3066  10.5495
0.0385  0.2060  0.0646  0.4947  4.3014  10.5483
0.0385  0.2061  0.0646  0.4924  4.3240  10.5482
0.0385  0.2060  0.0645  0.4891  4.3115  10.5520
0.0385  0.2060  0.0645  0.4882  4.3074  10.5531
0.0385  0.2060  0.0645  0.4899  4.3142  10.5557
0.0385  0.2060  0.0645  0.4892  4.2910  10.5545
0.0385  0.2060  0.0645  0.4883  4.3045  10.5557
0.0385  0.2059  0.0645  0.4872  4.3060  10.5587

rate=0.40: 20 rounds
------------------------------------------------
0.0355  0.1903  0.0620  0.4548  4.0672  10.8953
0.0355  0.1902  0.0620  0.4587  4.0608  10.8932
0.0355  0.1902  0.0620  0.4517  4.0636  10.8976
0.0355  0.1902  0.0620  0.4527  4.0630  10.8985
0.0355  0.1902  0.0620  0.4506  4.0542  10.8940
0.0355  0.1902  0.0620  0.4461  4.0662  10.8938
0.0356  0.1903  0.0621  0.4481  4.0616  10.8912
0.0356  0.1904  0.0621  0.4432  4.0669  10.8882
0.0356  0.1903  0.0621  0.4495  4.0497  10.8912
0.0355  0.1903  0.0620  0.4507  4.0757  10.8943
0.0355  0.1902  0.0620  0.4518  4.0437  10.8942
0.0355  0.1903  0.0620  0.4516  4.0492  10.8928
0.0355  0.1902  0.0620  0.4552  4.0446  10.8944
0.0356  0.1903  0.0620  0.4517  4.0608  10.8928
0.0355  0.1902  0.0620  0.4527  4.0516  10.8997
0.0355  0.1902  0.0620  0.4539  4.0576  10.8990
0.0355  0.1902  0.0620  0.4537  4.0527  10.9010
0.0355  0.1902  0.0620  0.4533  4.0492  10.8980
0.0355  0.1902  0.0620  0.4513  4.0509  10.8986
0.0355  0.1901  0.0620  0.4481  4.0447  10.9023

rate=0.45: 20 rounds
------------------------------------------------
0.0326  0.1744  0.0594  0.4188  3.8024  11.2752
0.0326  0.1744  0.0594  0.4200  3.7920  11.2721
0.0326  0.1743  0.0594  0.4152  3.8033  11.2770
0.0325  0.1742  0.0593  0.4150  3.7984  11.2805
0.0326  0.1743  0.0594  0.4137  3.8041  11.2753
0.0326  0.1743  0.0594  0.4101  3.8070  11.2739
0.0326  0.1743  0.0594  0.4144  3.8070  11.2726
0.0326  0.1744  0.0594  0.4086  3.8133  11.2688
0.0326  0.1743  0.0594  0.4144  3.7937  11.2726
0.0326  0.1743  0.0593  0.4145  3.8073  11.2782
0.0326  0.1743  0.0593  0.4141  3.7788  11.2791
0.0326  0.1743  0.0593  0.4149  3.7968  11.2788
0.0326  0.1743  0.0594  0.4180  3.7975  11.2766
0.0326  0.1743  0.0594  0.4151  3.8132  11.2765
0.0326  0.1742  0.0593  0.4155  3.7946  11.2821
0.0326  0.1742  0.0593  0.4144  3.8040  11.2811
0.0326  0.1742  0.0593  0.4127  3.7891  11.2823
0.0326  0.1743  0.0594  0.4146  3.7859  11.2768
0.0326  0.1743  0.0593  0.4142  3.7914  11.2783
0.0325  0.1742  0.0593  0.4116  3.7831  11.2809

rate=0.50: 20 rounds
------------------------------------------------
0.0296  0.1586  0.0566  0.3799  3.5442  11.6878
0.0296  0.1585  0.0566  0.3809  3.5314  11.6865
0.0296  0.1585  0.0566  0.3752  3.5424  11.6903
0.0296  0.1583  0.0566  0.3761  3.5389  11.6962
0.0296  0.1585  0.0566  0.3747  3.5412  11.6900
0.0296  0.1585  0.0566  0.3731  3.5456  11.6882
0.0296  0.1585  0.0566  0.3724  3.5414  11.6866
0.0296  0.1586  0.0566  0.3690  3.5399  11.6839
0.0296  0.1585  0.0566  0.3749  3.5381  11.6883
0.0296  0.1585  0.0566  0.3774  3.5505  11.6899
0.0296  0.1584  0.0566  0.3764  3.5173  11.6917
0.0296  0.1584  0.0566  0.3737  3.5268  11.6930
0.0296  0.1584  0.0566  0.3748  3.5319  11.6898
0.0296  0.1585  0.0566  0.3750  3.5399  11.6907
0.0296  0.1584  0.0566  0.3785  3.5320  11.6975
0.0296  0.1584  0.0566  0.3752  3.5409  11.6949
0.0296  0.1584  0.0566  0.3727  3.5189  11.6967
0.0296  0.1584  0.0566  0.3709  3.5274  11.6926
0.0296  0.1584  0.0566  0.3761  3.5273  11.6927
0.0296  0.1584  0.0566  0.3721  3.5127  11.6918

rate=0.55: 20 rounds
------------------------------------------------
0.0267  0.1428  0.0537  0.3399  3.2824  12.1437
0.0267  0.1427  0.0537  0.3441  3.2740  12.1444
0.0267  0.1427  0.0537  0.3402  3.2791  12.1465
0.0266  0.1425  0.0537  0.3410  3.2809  12.1538
0.0266  0.1426  0.0537  0.3380  3.2824  12.1485
0.0267  0.1427  0.0537  0.3356  3.2823  12.1456
0.0267  0.1427  0.0537  0.3351  3.2738  12.1464
0.0267  0.1427  0.0537  0.3319  3.2795  12.1426
0.0266  0.1426  0.0537  0.3368  3.2697  12.1490
0.0266  0.1426  0.0537  0.3389  3.2854  12.1504
0.0266  0.1426  0.0537  0.3379  3.2622  12.1543
0.0266  0.1425  0.0536  0.3377  3.2678  12.1577
0.0266  0.1426  0.0537  0.3388  3.2680  12.1530
0.0267  0.1427  0.0537  0.3418  3.2721  12.1508
0.0266  0.1426  0.0536  0.3438  3.2653  12.1584
0.0266  0.1425  0.0536  0.3407  3.2686  12.1567
0.0266  0.1425  0.0536  0.3382  3.2641  12.1582
0.0266  0.1425  0.0536  0.3345  3.2531  12.1550
0.0266  0.1425  0.0536  0.3396  3.2612  12.1561
0.0266  0.1425  0.0537  0.3344  3.2536  12.1541

rate=0.60: 20 rounds
------------------------------------------------
0.0237  0.1270  0.0507  0.3010  2.9899  12.6503
0.0237  0.1269  0.0507  0.3036  2.9925  12.6520
0.0237  0.1269  0.0507  0.3009  3.0015  12.6515
0.0237  0.1267  0.0506  0.3034  3.0004  12.6638
0.0237  0.1268  0.0506  0.3012  3.0123  12.6568
0.0237  0.1268  0.0507  0.2989  3.0021  12.6544
0.0237  0.1269  0.0507  0.2988  2.9936  12.6531
0.0237  0.1269  0.0507  0.2962  2.9960  12.6510
0.0237  0.1268  0.0506  0.2994  2.9900  12.6610
0.0237  0.1268  0.0506  0.2991  3.0000  12.6581
0.0237  0.1268  0.0506  0.2996  2.9970  12.6615
0.0237  0.1267  0.0506  0.3014  3.0010  12.6660
0.0237  0.1267  0.0506  0.3020  2.9953  12.6639
0.0237  0.1268  0.0506  0.3041  2.9967  12.6622
0.0237  0.1267  0.0506  0.3074  2.9993  12.6692
0.0237  0.1267  0.0506  0.3047  2.9941  12.6665
0.0237  0.1268  0.0506  0.3021  2.9979  12.6614
0.0237  0.1268  0.0506  0.2977  2.9817  12.6605
0.0237  0.1268  0.0506  0.3045  2.9829  12.6581
0.0237  0.1267  0.0506  0.2987  2.9730  12.6611

rate=0.65: 20 rounds
------------------------------------------------
0.0208  0.1111  0.0474  0.2651  2.7067  13.2295
0.0207  0.1111  0.0474  0.2684  2.7090  13.2304
0.0207  0.1110  0.0474  0.2656  2.7094  13.2323
0.0207  0.1109  0.0473  0.2673  2.7157  13.2429
0.0207  0.1110  0.0474  0.2625  2.7223  13.2347
0.0207  0.1110  0.0474  0.2625  2.6960  13.2326
0.0208  0.1111  0.0474  0.2609  2.7088  13.2291
0.0208  0.1111  0.0474  0.2582  2.7079  13.2281
0.0207  0.1110  0.0473  0.2627  2.7119  13.2416
0.0207  0.1110  0.0474  0.2608  2.7022  13.2398
0.0207  0.1110  0.0473  0.2617  2.7019  13.2401
0.0207  0.1109  0.0473  0.2668  2.7032  13.2433
0.0207  0.1110  0.0473  0.2668  2.6990  13.2400
0.0207  0.1110  0.0473  0.2683  2.7031  13.2401
0.0207  0.1110  0.0473  0.2680  2.7116  13.2452
0.0207  0.1110  0.0473  0.2678  2.7086  13.2411
0.0207  0.1110  0.0474  0.2660  2.7078  13.2385
0.0207  0.1110  0.0474  0.2628  2.6991  13.2365
0.0207  0.1110  0.0474  0.2695  2.6992  13.2355
0.0207  0.1110  0.0474  0.2604  2.6807  13.2381

rate=0.70: 20 rounds
------------------------------------------------
0.0178  0.0952  0.0439  0.2291  2.4112  13.8973
0.0178  0.0951  0.0439  0.2315  2.4140  13.9035
0.0178  0.0952  0.0439  0.2285  2.4112  13.9009
0.0178  0.0951  0.0438  0.2282  2.4221  13.9076
0.0178  0.0951  0.0439  0.2249  2.4275  13.9030
0.0178  0.0951  0.0439  0.2268  2.4060  13.9027
0.0178  0.0952  0.0439  0.2250  2.4104  13.8991
0.0178  0.0952  0.0439  0.2223  2.4155  13.8994
0.0178  0.0951  0.0438  0.2252  2.4081  13.9100
0.0178  0.0951  0.0438  0.2238  2.4056  13.9096
0.0178  0.0951  0.0438  0.2232  2.3982  13.9133
0.0178  0.0951  0.0438  0.2288  2.4001  13.9145
0.0178  0.0950  0.0438  0.2272  2.3938  13.9137
0.0178  0.0951  0.0438  0.2297  2.4064  13.9130
0.0178  0.0950  0.0438  0.2301  2.4045  13.9199
0.0178  0.0951  0.0438  0.2297  2.4117  13.9118
0.0178  0.0951  0.0438  0.2298  2.4094  13.9135
0.0178  0.0951  0.0438  0.2268  2.4056  13.9108
0.0178  0.0951  0.0438  0.2308  2.4021  13.9116
0.0178  0.0951  0.0438  0.2248  2.3928  13.9135

rate=0.75: 20 rounds
------------------------------------------------
0.0148  0.0794  0.0401  0.1921  2.0962  14.6910
0.0148  0.0793  0.0401  0.1926  2.0947  14.6939
0.0148  0.0793  0.0401  0.1886  2.0956  14.6908
0.0148  0.0792  0.0400  0.1906  2.1039  14.6992
0.0148  0.0793  0.0400  0.1853  2.1179  14.6996
0.0148  0.0793  0.0400  0.1903  2.1019  14.6992
0.0148  0.0793  0.0401  0.1866  2.1060  14.6931
0.0148  0.0793  0.0400  0.1851  2.1026  14.6978
0.0148  0.0792  0.0400  0.1878  2.1020  14.7099
0.0148  0.0792  0.0400  0.1879  2.1098  14.7097
0.0148  0.0793  0.0400  0.1864  2.0977  14.7084
0.0148  0.0792  0.0400  0.1923  2.1012  14.7097
0.0148  0.0792  0.0400  0.1886  2.0978  14.7077
0.0148  0.0793  0.0400  0.1913  2.1064  14.7036
0.0148  0.0793  0.0400  0.1924  2.1047  14.7077
0.0148  0.0793  0.0400  0.1914  2.1109  14.7010
0.0148  0.0793  0.0400  0.1892  2.1066  14.6991
0.0148  0.0793  0.0400  0.1882  2.1037  14.6993
0.0148  0.0793  0.0400  0.1926  2.1038  14.7002
0.0148  0.0792  0.0400  0.1850  2.1052  14.7035

rate=0.80: 20 rounds
------------------------------------------------
0.0119  0.0635  0.0359  0.1536  1.7716  15.6561
0.0119  0.0634  0.0358  0.1525  1.7677  15.6633
0.0119  0.0635  0.0359  0.1449  1.7721  15.6565
0.0118  0.0634  0.0358  0.1489  1.7709  15.6657
0.0118  0.0634  0.0358  0.1445  1.7902  15.6679
0.0118  0.0634  0.0358  0.1522  1.7738  15.6716
0.0119  0.0634  0.0358  0.1497  1.7790  15.6639
0.0118  0.0634  0.0358  0.1462  1.7729  15.6705
0.0118  0.0633  0.0357  0.1496  1.7852  15.6834
0.0118  0.0633  0.0357  0.1515  1.7819  15.6846
0.0118  0.0634  0.0358  0.1496  1.7733  15.6789
0.0118  0.0634  0.0358  0.1546  1.7699  15.6786
0.0118  0.0633  0.0358  0.1529  1.7675  15.6794
0.0118  0.0634  0.0358  0.1544  1.7805  15.6705
0.0118  0.0634  0.0358  0.1558  1.7807  15.6764
0.0119  0.0634  0.0358  0.1525  1.7865  15.6698
0.0118  0.0634  0.0358  0.1504  1.7812  15.6686
0.0118  0.0634  0.0358  0.1515  1.7703  15.6646
0.0119  0.0635  0.0358  0.1577  1.7756  15.6606
0.0118  0.0634  0.0358  0.1494  1.7688  15.6701

rate=0.85: 20 rounds
------------------------------------------------
0.0089  0.0477  0.0311  0.1132  1.4340  16.8989
0.0089  0.0476  0.0310  0.1153  1.4307  16.9082
0.0089  0.0477  0.0311  0.1065  1.4292  16.9024
0.0089  0.0476  0.0310  0.1098  1.4256  16.9149
0.0089  0.0476  0.0310  0.1077  1.4402  16.9079
0.0089  0.0476  0.0310  0.1149  1.4308  16.9158
0.0089  0.0476  0.0310  0.1123  1.4333  16.9090
0.0089  0.0476  0.0310  0.1074  1.4258  16.9143
0.0089  0.0475  0.0310  0.1133  1.4327  16.9314
0.0089  0.0476  0.0310  0.1130  1.4417  16.9273
0.0089  0.0476  0.0310  0.1121  1.4250  16.9212
0.0089  0.0475  0.0310  0.1159  1.4286  16.9287
0.0089  0.0476  0.0310  0.1133  1.4278  16.9200
0.0089  0.0476  0.0310  0.1189  1.4383  16.9141
0.0089  0.0476  0.0310  0.1190  1.4232  16.9233
0.0089  0.0476  0.0310  0.1166  1.4373  16.9081
0.0089  0.0476  0.0310  0.1140  1.4361  16.9139
0.0089  0.0476  0.0310  0.1137  1.4261  16.9094
0.0089  0.0477  0.0311  0.1179  1.4277  16.9039
0.0089  0.0476  0.0310  0.1124  1.4278  16.9180

rate=0.90: 20 rounds
------------------------------------------------
0.0059  0.0318  0.0254  0.0739  1.0322  18.6587
0.0059  0.0318  0.0254  0.0741  1.0363  18.6660
0.0059  0.0318  0.0253  0.0683  1.0314  18.6674
0.0059  0.0317  0.0253  0.0723  1.0350  18.6729
0.0059  0.0317  0.0253  0.0695  1.0266  18.6814
0.0059  0.0317  0.0253  0.0766  1.0349  18.6848
0.0059  0.0317  0.0253  0.0726  1.0331  18.6739
0.0059  0.0317  0.0253  0.0712  1.0361  18.6772
0.0059  0.0317  0.0253  0.0765  1.0274  18.6970
0.0059  0.0317  0.0253  0.0748  1.0383  18.6896
0.0059  0.0317  0.0253  0.0741  1.0337  18.6853
0.0059  0.0317  0.0253  0.0783  1.0348  18.6941
0.0059  0.0317  0.0253  0.0757  1.0302  18.6795
0.0059  0.0318  0.0253  0.0821  1.0345  18.6688
0.0059  0.0317  0.0253  0.0777  1.0287  18.6816
0.0059  0.0317  0.0253  0.0771  1.0291  18.6726
0.0059  0.0317  0.0253  0.0774  1.0344  18.6748
0.0059  0.0317  0.0253  0.0774  1.0244  18.6697
0.0059  0.0318  0.0254  0.0804  1.0267  18.6597
0.0059  0.0318  0.0254  0.0762  1.0349  18.6605

rate=0.95: 20 rounds
------------------------------------------------
0.0030  0.0160  0.0180  0.0362  0.5964  21.6358
0.0030  0.0159  0.0180  0.0367  0.5962  21.6555
0.0030  0.0159  0.0180  0.0340  0.5965  21.6537
0.0030  0.0160  0.0180  0.0368  0.5972  21.6356
0.0030  0.0159  0.0180  0.0359  0.5939  21.6611
0.0030  0.0159  0.0179  0.0371  0.5953  21.6760
0.0030  0.0159  0.0180  0.0377  0.5955  21.6592
0.0030  0.0159  0.0180  0.0353  0.5934  21.6467
0.0030  0.0159  0.0179  0.0409  0.5924  21.6834
0.0030  0.0159  0.0179  0.0377  0.5940  21.6745
0.0030  0.0159  0.0180  0.0358  0.5951  21.6577
0.0030  0.0159  0.0179  0.0382  0.5978  21.6705
0.0030  0.0160  0.0180  0.0382  0.5955  21.6529
0.0030  0.0160  0.0180  0.0443  0.5973  21.6508
0.0030  0.0159  0.0179  0.0406  0.5951  21.6716
0.0030  0.0159  0.0179  0.0400  0.5949  21.6673
0.0030  0.0160  0.0180  0.0408  0.5952  21.6476
0.0030  0.0159  0.0179  0.0406  0.5936  21.6766
0.0030  0.0159  0.0180  0.0405  0.5932  21.6559
0.0030  0.0159  0.0179  0.0398  0.5909  21.6767

