======== Average result summary ========
Metric:  |  MAE  |  NMAE  |  RMSE  |  MRE  |  NNPRE  |  SNR  
rate=0.05: 0.0620  0.3317  0.0832  1.1521  8.8378  8.3475
rate=0.10: 0.0571  0.3056  0.0795  1.0519  8.1245  8.7441
rate=0.15: 0.0524  0.2805  0.0758  0.9510  7.4315  9.1579
rate=0.20: 0.0479  0.2565  0.0721  0.8608  6.8027  9.5888
rate=0.25: 0.0436  0.2333  0.0683  0.7720  6.2063  10.0535
rate=0.30: 0.0395  0.2113  0.0646  0.6884  5.6235  10.5349
rate=0.35: 0.0355  0.1899  0.0609  0.6087  5.0430  11.0603
rate=0.40: 0.0317  0.1695  0.0571  0.5353  4.4966  11.6120
rate=0.45: 0.0281  0.1502  0.0534  0.4588  3.9506  12.2009
rate=0.50: 0.0246  0.1318  0.0496  0.3914  3.4178  12.8441
rate=0.55: 0.0214  0.1145  0.0458  0.3311  2.9315  13.5338
rate=0.60: 0.0183  0.0979  0.0419  0.2729  2.4702  14.3004
rate=0.65: 0.0154  0.0824  0.0380  0.2190  2.0526  15.1476
rate=0.70: 0.0126  0.0677  0.0340  0.1736  1.6836  16.1066
rate=0.75: 0.0101  0.0541  0.0300  0.1324  1.3481  17.1998
rate=0.80: 0.0077  0.0413  0.0258  0.0949  1.0297  18.5060
rate=0.85: 0.0055  0.0296  0.0215  0.0650  0.7748  20.1003
rate=0.90: 0.0035  0.0188  0.0168  0.0382  0.5616  22.2637

======== Detailed results ========
rate=0.05: 20 rounds
------------------------------------------------
0.0620  0.3316  0.0832  1.1497  8.8174  8.3479
0.0620  0.3317  0.0832  1.1509  8.8523  8.3446
0.0619  0.3316  0.0832  1.1479  8.8449  8.3461
0.0619  0.3315  0.0831  1.1444  8.8504  8.3497
0.0620  0.3317  0.0832  1.1509  8.8436  8.3471
0.0620  0.3317  0.0832  1.1518  8.8248  8.3460
0.0620  0.3317  0.0832  1.1538  8.8478  8.3469
0.0620  0.3317  0.0832  1.1542  8.8512  8.3485
0.0620  0.3316  0.0831  1.1537  8.8507  8.3505
0.0620  0.3318  0.0831  1.1550  8.8665  8.3503
0.0620  0.3318  0.0832  1.1531  8.8422  8.3490
0.0620  0.3316  0.0832  1.1491  8.8146  8.3480
0.0620  0.3317  0.0832  1.1514  8.8315  8.3468
0.0620  0.3318  0.0832  1.1572  8.8218  8.3483
0.0620  0.3320  0.0832  1.1565  8.8356  8.3459
0.0620  0.3318  0.0832  1.1531  8.8353  8.3475
0.0620  0.3317  0.0832  1.1515  8.8045  8.3470
0.0620  0.3317  0.0832  1.1530  8.8255  8.3470
0.0620  0.3318  0.0832  1.1510  8.8417  8.3463
0.0620  0.3318  0.0832  1.1527  8.8533  8.3467

rate=0.10: 20 rounds
------------------------------------------------
0.0571  0.3055  0.0794  1.0582  8.1213  8.7461
0.0571  0.3056  0.0795  1.0589  8.1440  8.7410
0.0571  0.3055  0.0795  1.0549  8.1404  8.7411
0.0571  0.3054  0.0794  1.0518  8.1435  8.7445
0.0571  0.3056  0.0795  1.0531  8.1292  8.7415
0.0571  0.3056  0.0795  1.0534  8.1296  8.7412
0.0571  0.3056  0.0795  1.0594  8.1528  8.7425
0.0571  0.3055  0.0794  1.0568  8.1623  8.7448
0.0571  0.3054  0.0794  1.0519  8.1501  8.7475
0.0571  0.3055  0.0794  1.0531  8.1603  8.7468
0.0571  0.3056  0.0795  1.0487  8.1401  8.7442
0.0571  0.3056  0.0795  1.0441  8.1141  8.7423
0.0571  0.3056  0.0795  1.0495  8.0974  8.7431
0.0571  0.3056  0.0794  1.0563  8.0947  8.7455
0.0571  0.3057  0.0794  1.0508  8.1260  8.7446
0.0571  0.3055  0.0794  1.0471  8.1051  8.7457
0.0571  0.3055  0.0794  1.0481  8.0713  8.7461
0.0571  0.3056  0.0795  1.0473  8.0982  8.7434
0.0571  0.3056  0.0794  1.0439  8.1124  8.7448
0.0571  0.3055  0.0794  1.0505  8.0976  8.7447

rate=0.15: 20 rounds
------------------------------------------------
0.0524  0.2804  0.0757  0.9561  7.4149  9.1588
0.0524  0.2804  0.0758  0.9530  7.4333  9.1567
0.0524  0.2804  0.0758  0.9492  7.4506  9.1564
0.0524  0.2804  0.0758  0.9464  7.4285  9.1568
0.0524  0.2806  0.0758  0.9526  7.4378  9.1546
0.0524  0.2806  0.0758  0.9537  7.4467  9.1550
0.0524  0.2805  0.0758  0.9596  7.4525  9.1558
0.0524  0.2805  0.0758  0.9591  7.4704  9.1580
0.0524  0.2804  0.0758  0.9549  7.4590  9.1584
0.0524  0.2805  0.0758  0.9577  7.4743  9.1563
0.0524  0.2806  0.0758  0.9467  7.4490  9.1547
0.0524  0.2805  0.0758  0.9404  7.4238  9.1538
0.0524  0.2806  0.0758  0.9509  7.4101  9.1552
0.0524  0.2805  0.0757  0.9542  7.4293  9.1593
0.0524  0.2805  0.0757  0.9508  7.4394  9.1604
0.0524  0.2803  0.0757  0.9470  7.4310  9.1621
0.0524  0.2803  0.0757  0.9472  7.3983  9.1641
0.0524  0.2805  0.0757  0.9456  7.3830  9.1602
0.0524  0.2804  0.0757  0.9443  7.3995  9.1611
0.0524  0.2804  0.0757  0.9504  7.3986  9.1596

rate=0.20: 20 rounds
------------------------------------------------
0.0479  0.2564  0.0721  0.8666  6.8046  9.5916
0.0479  0.2565  0.0721  0.8655  6.8060  9.5889
0.0479  0.2565  0.0721  0.8581  6.8008  9.5879
0.0479  0.2565  0.0721  0.8544  6.7792  9.5877
0.0479  0.2567  0.0721  0.8587  6.7877  9.5850
0.0479  0.2566  0.0721  0.8620  6.8152  9.5864
0.0479  0.2566  0.0721  0.8705  6.8198  9.5872
0.0479  0.2565  0.0721  0.8728  6.8184  9.5892
0.0479  0.2565  0.0721  0.8688  6.8187  9.5911
0.0479  0.2565  0.0721  0.8691  6.8211  9.5890
0.0479  0.2566  0.0721  0.8621  6.8141  9.5866
0.0479  0.2566  0.0721  0.8537  6.8012  9.5861
0.0479  0.2566  0.0721  0.8586  6.7921  9.5859
0.0479  0.2565  0.0721  0.8637  6.8077  9.5878
0.0479  0.2565  0.0721  0.8536  6.7926  9.5909
0.0479  0.2565  0.0721  0.8458  6.7964  9.5922
0.0479  0.2565  0.0721  0.8526  6.7806  9.5933
0.0479  0.2566  0.0721  0.8572  6.8024  9.5892
0.0479  0.2565  0.0721  0.8581  6.8027  9.5906
0.0479  0.2565  0.0721  0.8635  6.7922  9.5898

rate=0.25: 20 rounds
------------------------------------------------
0.0436  0.2332  0.0683  0.7794  6.2046  10.0591
0.0436  0.2332  0.0683  0.7804  6.2136  10.0548
0.0436  0.2332  0.0683  0.7702  6.2044  10.0546
0.0436  0.2333  0.0684  0.7670  6.1981  10.0514
0.0436  0.2335  0.0684  0.7681  6.1974  10.0489
0.0436  0.2334  0.0684  0.7722  6.2049  10.0515
0.0436  0.2334  0.0683  0.7766  6.2095  10.0523
0.0436  0.2334  0.0683  0.7799  6.2307  10.0524
0.0436  0.2333  0.0683  0.7789  6.2051  10.0547
0.0436  0.2334  0.0683  0.7768  6.2336  10.0519
0.0436  0.2334  0.0684  0.7725  6.2187  10.0512
0.0436  0.2333  0.0683  0.7661  6.1828  10.0521
0.0436  0.2334  0.0684  0.7685  6.1859  10.0506
0.0436  0.2334  0.0683  0.7743  6.2074  10.0522
0.0436  0.2333  0.0683  0.7618  6.2051  10.0556
0.0436  0.2333  0.0683  0.7568  6.2034  10.0579
0.0436  0.2333  0.0683  0.7662  6.1858  10.0565
0.0436  0.2334  0.0683  0.7713  6.2050  10.0523
0.0436  0.2334  0.0683  0.7726  6.2239  10.0556
0.0436  0.2334  0.0683  0.7800  6.2069  10.0548

rate=0.30: 20 rounds
------------------------------------------------
0.0394  0.2111  0.0646  0.6902  5.6143  10.5387
0.0395  0.2112  0.0647  0.6886  5.6193  10.5349
0.0394  0.2112  0.0646  0.6803  5.6198  10.5375
0.0394  0.2112  0.0646  0.6818  5.6296  10.5370
0.0395  0.2114  0.0647  0.6852  5.6064  10.5333
0.0395  0.2114  0.0646  0.6892  5.6308  10.5354
0.0395  0.2114  0.0647  0.6940  5.6390  10.5324
0.0395  0.2113  0.0647  0.6962  5.6459  10.5325
0.0395  0.2112  0.0646  0.6950  5.6323  10.5366
0.0395  0.2113  0.0647  0.6955  5.6436  10.5331
0.0395  0.2114  0.0647  0.6884  5.6407  10.5300
0.0395  0.2113  0.0646  0.6828  5.6247  10.5359
0.0395  0.2113  0.0647  0.6860  5.6018  10.5305
0.0395  0.2113  0.0647  0.6897  5.6147  10.5332
0.0395  0.2112  0.0646  0.6804  5.6181  10.5370
0.0395  0.2112  0.0646  0.6778  5.6237  10.5374
0.0395  0.2112  0.0646  0.6879  5.6164  10.5373
0.0395  0.2113  0.0646  0.6900  5.6082  10.5354
0.0395  0.2113  0.0647  0.6913  5.6191  10.5347
0.0395  0.2113  0.0646  0.6972  5.6207  10.5363

rate=0.35: 20 rounds
------------------------------------------------
0.0354  0.1897  0.0608  0.6090  5.0432  11.0700
0.0354  0.1897  0.0608  0.6064  5.0355  11.0647
0.0354  0.1897  0.0608  0.5979  5.0358  11.0658
0.0355  0.1898  0.0608  0.6015  5.0482  11.0643
0.0355  0.1900  0.0609  0.6040  5.0366  11.0587
0.0355  0.1900  0.0609  0.6104  5.0518  11.0605
0.0355  0.1900  0.0609  0.6160  5.0614  11.0587
0.0355  0.1899  0.0609  0.6156  5.0747  11.0605
0.0354  0.1897  0.0608  0.6166  5.0537  11.0650
0.0355  0.1899  0.0609  0.6159  5.0454  11.0578
0.0355  0.1899  0.0609  0.6076  5.0533  11.0555
0.0354  0.1897  0.0608  0.6068  5.0300  11.0631
0.0355  0.1899  0.0609  0.6067  5.0108  11.0540
0.0355  0.1899  0.0609  0.6087  5.0360  11.0580
0.0355  0.1899  0.0609  0.5980  5.0411  11.0582
0.0355  0.1899  0.0609  0.5973  5.0374  11.0577
0.0355  0.1899  0.0609  0.6072  5.0371  11.0569
0.0355  0.1899  0.0609  0.6133  5.0405  11.0562
0.0355  0.1899  0.0609  0.6145  5.0468  11.0606
0.0355  0.1899  0.0609  0.6200  5.0404  11.0602

rate=0.40: 20 rounds
------------------------------------------------
0.0317  0.1694  0.0571  0.5381  4.5004  11.6199
0.0317  0.1694  0.0571  0.5335  4.4961  11.6177
0.0316  0.1694  0.0571  0.5277  4.4862  11.6182
0.0317  0.1694  0.0571  0.5292  4.5062  11.6162
0.0317  0.1696  0.0571  0.5332  4.4845  11.6123
0.0317  0.1696  0.0571  0.5333  4.4901  11.6142
0.0317  0.1696  0.0571  0.5386  4.5011  11.6123
0.0317  0.1695  0.0571  0.5395  4.5038  11.6147
0.0316  0.1693  0.0570  0.5442  4.4916  11.6224
0.0317  0.1695  0.0571  0.5427  4.5019  11.6130
0.0317  0.1695  0.0571  0.5298  4.5014  11.6078
0.0317  0.1694  0.0571  0.5299  4.4806  11.6139
0.0317  0.1695  0.0571  0.5322  4.4803  11.6072
0.0317  0.1696  0.0571  0.5330  4.5050  11.6084
0.0317  0.1695  0.0571  0.5268  4.4959  11.6101
0.0317  0.1696  0.0571  0.5281  4.5057  11.6063
0.0317  0.1696  0.0572  0.5312  4.4906  11.6040
0.0317  0.1696  0.0572  0.5417  4.5043  11.6041
0.0317  0.1695  0.0571  0.5437  4.5037  11.6090
0.0317  0.1696  0.0571  0.5493  4.5018  11.6078

rate=0.45: 20 rounds
------------------------------------------------
0.0281  0.1501  0.0533  0.4666  3.9728  12.2072
0.0280  0.1501  0.0533  0.4604  3.9537  12.2078
0.0280  0.1501  0.0533  0.4533  3.9585  12.2065
0.0280  0.1501  0.0533  0.4522  3.9743  12.2072
0.0281  0.1502  0.0534  0.4523  3.9337  12.2026
0.0281  0.1503  0.0534  0.4537  3.9318  12.2024
0.0281  0.1503  0.0534  0.4621  3.9503  12.2001
0.0281  0.1502  0.0534  0.4593  3.9529  12.2006
0.0280  0.1501  0.0533  0.4618  3.9585  12.2066
0.0281  0.1502  0.0534  0.4641  3.9427  12.2012
0.0281  0.1503  0.0534  0.4546  3.9461  12.1946
0.0280  0.1501  0.0534  0.4535  3.9253  12.2035
0.0281  0.1502  0.0534  0.4571  3.9385  12.1945
0.0281  0.1503  0.0534  0.4591  3.9522  12.1962
0.0281  0.1502  0.0534  0.4510  3.9513  12.1994
0.0281  0.1503  0.0534  0.4545  3.9556  12.1942
0.0281  0.1502  0.0534  0.4546  3.9323  12.1939
0.0281  0.1502  0.0534  0.4646  3.9570  12.1989
0.0281  0.1501  0.0533  0.4666  3.9708  12.2037
0.0281  0.1503  0.0534  0.4745  3.9540  12.1973

rate=0.50: 20 rounds
------------------------------------------------
0.0246  0.1317  0.0495  0.3899  3.4361  12.8546
0.0246  0.1317  0.0495  0.3934  3.4158  12.8565
0.0246  0.1317  0.0495  0.3866  3.4166  12.8532
0.0246  0.1317  0.0495  0.3884  3.4283  12.8517
0.0246  0.1318  0.0495  0.3906  3.3987  12.8498
0.0246  0.1319  0.0495  0.3906  3.4160  12.8463
0.0246  0.1319  0.0496  0.3955  3.4285  12.8404
0.0246  0.1319  0.0496  0.3933  3.4167  12.8387
0.0246  0.1318  0.0496  0.3942  3.4340  12.8450
0.0246  0.1319  0.0496  0.3963  3.4014  12.8372
0.0246  0.1319  0.0496  0.3875  3.4109  12.8353
0.0246  0.1319  0.0496  0.3886  3.3962  12.8385
0.0246  0.1318  0.0496  0.3889  3.4046  12.8397
0.0246  0.1319  0.0496  0.3900  3.4261  12.8414
0.0246  0.1318  0.0495  0.3812  3.4149  12.8476
0.0246  0.1319  0.0496  0.3879  3.4224  12.8378
0.0246  0.1319  0.0496  0.3866  3.4179  12.8374
0.0246  0.1319  0.0496  0.3945  3.4222  12.8433
0.0246  0.1318  0.0495  0.3994  3.4342  12.8497
0.0246  0.1319  0.0496  0.4047  3.4146  12.8372

rate=0.55: 20 rounds
------------------------------------------------
0.0214  0.1143  0.0457  0.3251  2.9409  13.5508
0.0213  0.1143  0.0457  0.3286  2.9278  13.5491
0.0214  0.1144  0.0457  0.3283  2.9350  13.5386
0.0214  0.1144  0.0458  0.3295  2.9498  13.5341
0.0214  0.1144  0.0458  0.3299  2.9202  13.5363
0.0214  0.1145  0.0458  0.3304  2.9184  13.5290
0.0214  0.1145  0.0458  0.3335  2.9458  13.5281
0.0214  0.1146  0.0458  0.3302  2.9411  13.5248
0.0214  0.1144  0.0458  0.3317  2.9355  13.5362
0.0214  0.1146  0.0458  0.3366  2.9192  13.5226
0.0214  0.1146  0.0458  0.3276  2.9217  13.5225
0.0214  0.1146  0.0458  0.3285  2.9159  13.5233
0.0214  0.1145  0.0458  0.3275  2.9221  13.5281
0.0214  0.1145  0.0458  0.3328  2.9268  13.5332
0.0214  0.1144  0.0457  0.3267  2.9308  13.5407
0.0214  0.1145  0.0458  0.3325  2.9395  13.5274
0.0214  0.1144  0.0458  0.3282  2.9287  13.5346
0.0214  0.1145  0.0458  0.3325  2.9210  13.5378
0.0214  0.1143  0.0457  0.3378  2.9464  13.5453
0.0214  0.1145  0.0458  0.3436  2.9441  13.5334

rate=0.60: 20 rounds
------------------------------------------------
0.0183  0.0978  0.0418  0.2682  2.4769  14.3180
0.0183  0.0978  0.0418  0.2708  2.4659  14.3135
0.0183  0.0979  0.0419  0.2729  2.4748  14.2990
0.0183  0.0979  0.0419  0.2707  2.4842  14.2979
0.0183  0.0979  0.0419  0.2707  2.4478  14.3024
0.0183  0.0979  0.0419  0.2742  2.4619  14.2963
0.0183  0.0979  0.0419  0.2739  2.4868  14.2944
0.0183  0.0980  0.0420  0.2741  2.4803  14.2880
0.0183  0.0979  0.0419  0.2771  2.4731  14.2968
0.0183  0.0981  0.0420  0.2783  2.4664  14.2863
0.0183  0.0980  0.0420  0.2671  2.4685  14.2916
0.0183  0.0979  0.0419  0.2716  2.4600  14.2945
0.0183  0.0980  0.0419  0.2688  2.4649  14.2938
0.0183  0.0980  0.0419  0.2737  2.4599  14.2989
0.0183  0.0979  0.0419  0.2727  2.4691  14.3050
0.0183  0.0979  0.0419  0.2758  2.4650  14.2937
0.0183  0.0978  0.0419  0.2667  2.4745  14.3062
0.0183  0.0979  0.0419  0.2728  2.4578  14.3052
0.0183  0.0977  0.0418  0.2737  2.4836  14.3200
0.0183  0.0979  0.0419  0.2834  2.4830  14.3058

rate=0.65: 20 rounds
------------------------------------------------
0.0154  0.0822  0.0379  0.2131  2.0581  15.1699
0.0154  0.0823  0.0380  0.2173  2.0501  15.1602
0.0154  0.0824  0.0380  0.2176  2.0537  15.1476
0.0154  0.0824  0.0380  0.2156  2.0603  15.1411
0.0154  0.0824  0.0380  0.2188  2.0417  15.1470
0.0154  0.0824  0.0380  0.2186  2.0450  15.1420
0.0154  0.0824  0.0380  0.2194  2.0589  15.1476
0.0154  0.0825  0.0381  0.2238  2.0686  15.1343
0.0154  0.0824  0.0380  0.2249  2.0629  15.1423
0.0154  0.0824  0.0381  0.2239  2.0452  15.1384
0.0154  0.0824  0.0380  0.2131  2.0460  15.1409
0.0154  0.0823  0.0380  0.2174  2.0496  15.1449
0.0154  0.0824  0.0381  0.2157  2.0566  15.1389
0.0154  0.0824  0.0380  0.2220  2.0561  15.1468
0.0154  0.0823  0.0380  0.2175  2.0456  15.1502
0.0154  0.0824  0.0381  0.2212  2.0493  15.1375
0.0154  0.0823  0.0380  0.2134  2.0519  15.1497
0.0154  0.0824  0.0380  0.2179  2.0465  15.1482
0.0154  0.0822  0.0379  0.2182  2.0568  15.1710
0.0154  0.0824  0.0380  0.2295  2.0494  15.1542

rate=0.70: 20 rounds
------------------------------------------------
0.0126  0.0676  0.0340  0.1706  1.6822  16.1219
0.0126  0.0676  0.0340  0.1737  1.6830  16.1205
0.0127  0.0677  0.0341  0.1730  1.6791  16.1013
0.0127  0.0677  0.0341  0.1704  1.6906  16.0989
0.0126  0.0677  0.0340  0.1750  1.6799  16.1068
0.0127  0.0677  0.0340  0.1717  1.6840  16.1043
0.0126  0.0677  0.0340  0.1750  1.7026  16.1151
0.0127  0.0677  0.0341  0.1772  1.6958  16.1038
0.0126  0.0677  0.0340  0.1758  1.6920  16.1087
0.0127  0.0678  0.0341  0.1778  1.6809  16.0952
0.0127  0.0677  0.0341  0.1702  1.6841  16.0953
0.0126  0.0677  0.0340  0.1720  1.6767  16.1044
0.0127  0.0677  0.0341  0.1706  1.6797  16.0963
0.0127  0.0677  0.0340  0.1756  1.6822  16.1081
0.0126  0.0677  0.0340  0.1727  1.6740  16.1119
0.0127  0.0677  0.0341  0.1761  1.6807  16.0991
0.0126  0.0677  0.0341  0.1704  1.6821  16.1027
0.0127  0.0677  0.0340  0.1726  1.6722  16.1113
0.0126  0.0676  0.0340  0.1711  1.6821  16.1236
0.0127  0.0678  0.0341  0.1811  1.6884  16.1032

rate=0.75: 20 rounds
------------------------------------------------
0.0101  0.0540  0.0300  0.1298  1.3503  17.2164
0.0101  0.0540  0.0300  0.1346  1.3490  17.2085
0.0101  0.0541  0.0300  0.1325  1.3379  17.1911
0.0101  0.0541  0.0301  0.1325  1.3495  17.1856
0.0101  0.0540  0.0300  0.1353  1.3414  17.2034
0.0101  0.0541  0.0300  0.1325  1.3568  17.2000
0.0101  0.0541  0.0300  0.1346  1.3619  17.1996
0.0101  0.0541  0.0300  0.1363  1.3588  17.1898
0.0101  0.0540  0.0300  0.1364  1.3571  17.2009
0.0101  0.0541  0.0300  0.1382  1.3501  17.1939
0.0101  0.0541  0.0300  0.1284  1.3481  17.1916
0.0101  0.0540  0.0300  0.1292  1.3413  17.2044
0.0101  0.0541  0.0300  0.1267  1.3499  17.1902
0.0101  0.0541  0.0300  0.1334  1.3476  17.1988
0.0101  0.0540  0.0300  0.1289  1.3457  17.2072
0.0101  0.0541  0.0300  0.1363  1.3482  17.1949
0.0101  0.0540  0.0300  0.1311  1.3414  17.2021
0.0101  0.0541  0.0300  0.1273  1.3347  17.2040
0.0101  0.0540  0.0299  0.1274  1.3401  17.2213
0.0101  0.0542  0.0300  0.1362  1.3529  17.1927

rate=0.80: 20 rounds
------------------------------------------------
0.0077  0.0412  0.0258  0.0926  1.0281  18.5220
0.0077  0.0413  0.0258  0.0948  1.0285  18.5215
0.0077  0.0414  0.0259  0.0938  1.0284  18.4911
0.0077  0.0414  0.0259  0.0933  1.0304  18.4852
0.0077  0.0413  0.0258  0.0950  1.0231  18.5061
0.0077  0.0414  0.0259  0.0928  1.0404  18.4930
0.0077  0.0414  0.0258  0.0974  1.0410  18.5057
0.0077  0.0414  0.0258  0.0985  1.0384  18.4974
0.0077  0.0413  0.0258  0.0987  1.0333  18.5158
0.0077  0.0413  0.0258  0.1019  1.0277  18.5142
0.0077  0.0413  0.0258  0.0934  1.0278  18.5076
0.0077  0.0412  0.0258  0.0951  1.0233  18.5208
0.0077  0.0413  0.0258  0.0912  1.0304  18.5058
0.0077  0.0414  0.0258  0.0954  1.0324  18.5062
0.0077  0.0413  0.0258  0.0923  1.0295  18.5148
0.0077  0.0414  0.0259  0.1000  1.0275  18.4932
0.0077  0.0413  0.0258  0.0938  1.0244  18.4985
0.0077  0.0414  0.0258  0.0908  1.0230  18.5059
0.0077  0.0413  0.0258  0.0913  1.0236  18.5184
0.0077  0.0414  0.0259  0.0966  1.0338  18.4961

rate=0.85: 20 rounds
------------------------------------------------
0.0055  0.0296  0.0214  0.0652  0.7754  20.1212
0.0055  0.0296  0.0214  0.0665  0.7751  20.1278
0.0055  0.0296  0.0215  0.0668  0.7785  20.0877
0.0056  0.0297  0.0216  0.0648  0.7758  20.0765
0.0055  0.0296  0.0215  0.0651  0.7713  20.1163
0.0055  0.0297  0.0215  0.0638  0.7791  20.0834
0.0055  0.0296  0.0215  0.0670  0.7815  20.1164
0.0055  0.0297  0.0215  0.0664  0.7792  20.0906
0.0055  0.0296  0.0215  0.0687  0.7760  20.1075
0.0055  0.0296  0.0215  0.0681  0.7752  20.1072
0.0055  0.0296  0.0215  0.0629  0.7710  20.1045
0.0055  0.0295  0.0214  0.0637  0.7703  20.1328
0.0055  0.0296  0.0215  0.0608  0.7719  20.1057
0.0055  0.0297  0.0215  0.0666  0.7751  20.0861
0.0055  0.0297  0.0215  0.0634  0.7714  20.0854
0.0055  0.0297  0.0215  0.0674  0.7748  20.0789
0.0055  0.0296  0.0215  0.0635  0.7720  20.0796
0.0055  0.0297  0.0215  0.0607  0.7733  20.0929
0.0055  0.0296  0.0215  0.0626  0.7702  20.1124
0.0055  0.0297  0.0215  0.0656  0.7800  20.0930

rate=0.90: 20 rounds
------------------------------------------------
0.0035  0.0187  0.0167  0.0389  0.5607  22.3038
0.0035  0.0187  0.0167  0.0394  0.5569  22.3179
0.0035  0.0188  0.0168  0.0395  0.5628  22.2657
0.0035  0.0188  0.0167  0.0389  0.5635  22.2726
0.0035  0.0187  0.0167  0.0389  0.5629  22.2787
0.0035  0.0188  0.0168  0.0386  0.5627  22.2288
0.0035  0.0188  0.0167  0.0404  0.5662  22.2724
0.0035  0.0188  0.0167  0.0380  0.5637  22.2747
0.0035  0.0188  0.0168  0.0413  0.5641  22.2542
0.0035  0.0188  0.0167  0.0388  0.5599  22.2742
0.0035  0.0187  0.0167  0.0373  0.5596  22.2721
0.0035  0.0187  0.0167  0.0371  0.5618  22.2825
0.0035  0.0188  0.0168  0.0373  0.5598  22.2394
0.0035  0.0188  0.0168  0.0391  0.5601  22.2420
0.0035  0.0188  0.0168  0.0356  0.5601  22.2631
0.0035  0.0188  0.0168  0.0369  0.5621  22.2469
0.0035  0.0188  0.0168  0.0360  0.5605  22.2315
0.0035  0.0188  0.0168  0.0344  0.5611  22.2452
0.0035  0.0187  0.0167  0.0384  0.5592  22.2723
0.0035  0.0188  0.0168  0.0388  0.5638  22.2352

