======== Average result summary ========
Metric:  |  MAE  |  NMAE  |  RMSE  |  MRE  |  NNPRE  |  SNR  
rate=0.05: 0.0449  0.2919  0.0608  0.7949  7.9730  9.7714
rate=0.10: 0.0416  0.2701  0.0583  0.7312  7.5859  10.1471
rate=0.15: 0.0382  0.2485  0.0557  0.6575  7.0218  10.5405
rate=0.20: 0.0351  0.2278  0.0532  0.5983  6.5679  10.9425
rate=0.25: 0.0320  0.2080  0.0507  0.5419  6.1130  11.3642
rate=0.30: 0.0290  0.1887  0.0481  0.4915  5.6309  11.8188
rate=0.35: 0.0262  0.1704  0.0455  0.4372  5.1077  12.3019
rate=0.40: 0.0235  0.1527  0.0428  0.3881  4.6260  12.8178
rate=0.45: 0.0209  0.1358  0.0401  0.3289  4.0951  13.3918
rate=0.50: 0.0184  0.1195  0.0374  0.2759  3.5866  14.0074
rate=0.55: 0.0161  0.1043  0.0348  0.2350  3.0649  14.6340
rate=0.60: 0.0138  0.0898  0.0321  0.1950  2.6275  15.3239
rate=0.65: 0.0117  0.0762  0.0294  0.1626  2.2094  16.0802
rate=0.70: 0.0097  0.0629  0.0265  0.1314  1.7792  16.9780
rate=0.75: 0.0078  0.0507  0.0236  0.0989  1.4058  17.9851
rate=0.80: 0.0060  0.0390  0.0205  0.0736  1.0515  19.2000
rate=0.85: 0.0043  0.0281  0.0173  0.0508  0.7725  20.7038
rate=0.90: 0.0028  0.0180  0.0137  0.0311  0.5528  22.7360

======== Detailed results ========
rate=0.05: 20 rounds
------------------------------------------------
0.0446  0.2900  0.0608  0.7783  7.8028  9.7729
0.0448  0.2914  0.0609  0.7930  7.9592  9.7599
0.0449  0.2915  0.0610  0.7924  7.9766  9.7543
0.0449  0.2920  0.0610  0.7946  8.0065  9.7555
0.0449  0.2920  0.0609  0.7941  7.9467  9.7581
0.0449  0.2920  0.0608  0.7910  7.9930  9.7727
0.0449  0.2920  0.0608  0.7887  7.9925  9.7760
0.0449  0.2920  0.0608  0.7990  7.9513  9.7751
0.0451  0.2928  0.0609  0.8144  7.9964  9.7682
0.0450  0.2924  0.0608  0.8178  8.0061  9.7765
0.0451  0.2929  0.0608  0.8207  8.0680  9.7727
0.0449  0.2920  0.0608  0.8077  7.9852  9.7766
0.0449  0.2919  0.0608  0.8059  8.0035  9.7803
0.0450  0.2925  0.0608  0.8072  8.0487  9.7720
0.0450  0.2922  0.0608  0.7935  7.9176  9.7752
0.0449  0.2921  0.0608  0.7850  8.0196  9.7752
0.0449  0.2920  0.0608  0.7866  8.0243  9.7724
0.0449  0.2915  0.0608  0.7783  7.9484  9.7783
0.0449  0.2915  0.0608  0.7766  7.9435  9.7760
0.0448  0.2912  0.0608  0.7738  7.8705  9.7802

rate=0.10: 20 rounds
------------------------------------------------
0.0413  0.2687  0.0582  0.7282  7.4384  10.1541
0.0415  0.2699  0.0583  0.7431  7.6138  10.1352
0.0415  0.2697  0.0583  0.7387  7.7071  10.1457
0.0415  0.2699  0.0583  0.7398  7.7130  10.1473
0.0416  0.2704  0.0583  0.7435  7.6633  10.1450
0.0415  0.2697  0.0582  0.7330  7.5549  10.1631
0.0415  0.2696  0.0581  0.7315  7.5451  10.1656
0.0415  0.2697  0.0582  0.7398  7.4881  10.1641
0.0415  0.2700  0.0582  0.7540  7.5792  10.1587
0.0416  0.2700  0.0582  0.7568  7.5825  10.1627
0.0416  0.2705  0.0582  0.7413  7.6582  10.1505
0.0416  0.2704  0.0583  0.7294  7.5636  10.1492
0.0416  0.2701  0.0582  0.7336  7.6473  10.1620
0.0416  0.2705  0.0584  0.7364  7.7154  10.1349
0.0416  0.2705  0.0584  0.7169  7.5552  10.1304
0.0416  0.2704  0.0583  0.7119  7.5816  10.1354
0.0417  0.2712  0.0584  0.7254  7.6327  10.1228
0.0416  0.2702  0.0583  0.7132  7.5147  10.1365
0.0416  0.2701  0.0583  0.7026  7.4783  10.1399
0.0415  0.2700  0.0583  0.7053  7.4850  10.1389

rate=0.15: 20 rounds
------------------------------------------------
0.0381  0.2479  0.0557  0.6578  6.8969  10.5349
0.0382  0.2485  0.0558  0.6717  7.0255  10.5155
0.0382  0.2484  0.0558  0.6623  7.1664  10.5298
0.0382  0.2484  0.0558  0.6569  7.1276  10.5259
0.0383  0.2489  0.0558  0.6646  7.1318  10.5288
0.0382  0.2481  0.0556  0.6558  6.9347  10.5543
0.0382  0.2480  0.0555  0.6534  7.0036  10.5711
0.0381  0.2478  0.0554  0.6618  6.9587  10.5821
0.0382  0.2481  0.0555  0.6751  6.9768  10.5737
0.0382  0.2480  0.0555  0.6749  6.9860  10.5699
0.0382  0.2485  0.0556  0.6631  7.0320  10.5514
0.0383  0.2489  0.0557  0.6507  7.0109  10.5413
0.0383  0.2486  0.0556  0.6572  7.1035  10.5526
0.0383  0.2489  0.0558  0.6668  7.1852  10.5293
0.0383  0.2489  0.0558  0.6573  7.0561  10.5277
0.0383  0.2490  0.0558  0.6488  6.9890  10.5247
0.0384  0.2496  0.0559  0.6565  7.0792  10.5139
0.0383  0.2487  0.0558  0.6479  6.9801  10.5265
0.0383  0.2486  0.0558  0.6311  6.8915  10.5265
0.0382  0.2483  0.0558  0.6365  6.9008  10.5294

rate=0.20: 20 rounds
------------------------------------------------
0.0350  0.2276  0.0533  0.5974  6.4671  10.9219
0.0351  0.2284  0.0535  0.6139  6.5724  10.8898
0.0351  0.2280  0.0533  0.6040  6.7485  10.9209
0.0350  0.2277  0.0532  0.5974  6.6677  10.9328
0.0350  0.2277  0.0532  0.6017  6.5453  10.9396
0.0350  0.2273  0.0531  0.5889  6.4224  10.9582
0.0350  0.2273  0.0530  0.5928  6.5266  10.9676
0.0349  0.2271  0.0530  0.5994  6.5615  10.9779
0.0351  0.2278  0.0531  0.6145  6.5492  10.9459
0.0350  0.2272  0.0530  0.6178  6.5686  10.9727
0.0350  0.2277  0.0531  0.6054  6.5534  10.9508
0.0351  0.2281  0.0531  0.5915  6.4920  10.9486
0.0351  0.2278  0.0531  0.5933  6.5705  10.9590
0.0351  0.2281  0.0532  0.6012  6.7411  10.9344
0.0351  0.2282  0.0533  0.6031  6.6843  10.9241
0.0351  0.2279  0.0532  0.5945  6.5843  10.9451
0.0351  0.2283  0.0532  0.6008  6.6102  10.9424
0.0351  0.2279  0.0532  0.5937  6.5872  10.9367
0.0351  0.2279  0.0532  0.5749  6.5014  10.9342
0.0350  0.2274  0.0531  0.5795  6.4047  10.9479

rate=0.25: 20 rounds
------------------------------------------------
0.0320  0.2079  0.0507  0.5482  6.1343  11.3528
0.0321  0.2083  0.0509  0.5623  6.2036  11.3300
0.0320  0.2078  0.0506  0.5486  6.2910  11.3652
0.0320  0.2078  0.0507  0.5439  6.3316  11.3548
0.0320  0.2082  0.0507  0.5461  6.1472  11.3492
0.0319  0.2073  0.0505  0.5312  5.9661  11.3897
0.0319  0.2072  0.0504  0.5327  6.0672  11.4007
0.0319  0.2071  0.0504  0.5454  6.1427  11.4141
0.0320  0.2079  0.0506  0.5568  6.1468  11.3682
0.0319  0.2072  0.0505  0.5596  6.0464  11.3961
0.0321  0.2083  0.0507  0.5481  6.1685  11.3535
0.0321  0.2087  0.0507  0.5368  6.1429  11.3514
0.0321  0.2083  0.0506  0.5398  6.1043  11.3692
0.0321  0.2084  0.0507  0.5495  6.2060  11.3500
0.0320  0.2082  0.0507  0.5482  6.1323  11.3549
0.0321  0.2084  0.0507  0.5424  5.9923  11.3624
0.0321  0.2088  0.0507  0.5460  6.0988  11.3548
0.0321  0.2085  0.0507  0.5340  6.0943  11.3508
0.0321  0.2083  0.0507  0.5051  5.9758  11.3501
0.0320  0.2080  0.0506  0.5121  5.8674  11.3664

rate=0.30: 20 rounds
------------------------------------------------
0.0290  0.1886  0.0481  0.4885  5.6934  11.8095
0.0291  0.1889  0.0482  0.5104  5.7616  11.7907
0.0290  0.1885  0.0481  0.5009  5.7543  11.8184
0.0290  0.1886  0.0481  0.4967  5.8581  11.8069
0.0291  0.1889  0.0482  0.4988  5.7152  11.7981
0.0289  0.1879  0.0479  0.4843  5.5586  11.8506
0.0290  0.1882  0.0479  0.4851  5.6047  11.8460
0.0289  0.1879  0.0478  0.4963  5.6713  11.8689
0.0291  0.1888  0.0481  0.5048  5.6500  11.8120
0.0290  0.1882  0.0480  0.5100  5.6438  11.8380
0.0291  0.1890  0.0481  0.4980  5.6222  11.8118
0.0291  0.1892  0.0481  0.4877  5.6113  11.8194
0.0290  0.1887  0.0480  0.4900  5.6311  11.8368
0.0291  0.1891  0.0482  0.4999  5.7230  11.7966
0.0291  0.1888  0.0481  0.4986  5.6262  11.8074
0.0291  0.1892  0.0481  0.4924  5.5585  11.8106
0.0292  0.1895  0.0481  0.4935  5.5688  11.8071
0.0291  0.1892  0.0481  0.4835  5.5601  11.8083
0.0291  0.1890  0.0481  0.4527  5.4681  11.8056
0.0290  0.1883  0.0480  0.4585  5.3377  11.8335

rate=0.35: 20 rounds
------------------------------------------------
0.0263  0.1707  0.0457  0.4194  5.2017  12.2670
0.0263  0.1711  0.0458  0.4389  5.2318  12.2431
0.0262  0.1705  0.0456  0.4310  5.2291  12.2772
0.0262  0.1703  0.0455  0.4309  5.4210  12.2965
0.0263  0.1708  0.0456  0.4410  5.2784  12.2792
0.0262  0.1700  0.0454  0.4332  5.0442  12.3187
0.0262  0.1702  0.0454  0.4400  5.0689  12.3130
0.0261  0.1697  0.0453  0.4465  5.1495  12.3386
0.0263  0.1707  0.0456  0.4528  5.1483  12.2807
0.0261  0.1699  0.0453  0.4494  5.1320  12.3264
0.0262  0.1703  0.0454  0.4460  5.0730  12.3155
0.0263  0.1708  0.0455  0.4386  5.0884  12.3051
0.0262  0.1704  0.0453  0.4402  5.0213  12.3254
0.0262  0.1705  0.0455  0.4494  5.1447  12.2919
0.0262  0.1704  0.0455  0.4509  5.1114  12.2907
0.0263  0.1709  0.0455  0.4426  5.0782  12.2900
0.0263  0.1706  0.0454  0.4413  5.0246  12.3186
0.0262  0.1703  0.0453  0.4345  5.0273  12.3263
0.0263  0.1706  0.0455  0.4074  4.8790  12.2972
0.0261  0.1699  0.0453  0.4097  4.8015  12.3366

rate=0.40: 20 rounds
------------------------------------------------
0.0236  0.1536  0.0432  0.3727  4.7091  12.7508
0.0236  0.1532  0.0431  0.3878  4.7249  12.7727
0.0235  0.1526  0.0429  0.3786  4.6949  12.8101
0.0235  0.1525  0.0429  0.3778  4.8519  12.8095
0.0235  0.1527  0.0429  0.3882  4.6890  12.8079
0.0234  0.1523  0.0428  0.3796  4.5152  12.8311
0.0235  0.1526  0.0429  0.3837  4.5963  12.8109
0.0234  0.1519  0.0426  0.3866  4.6639  12.8622
0.0235  0.1530  0.0430  0.3968  4.6625  12.7857
0.0234  0.1520  0.0427  0.3982  4.6115  12.8465
0.0234  0.1522  0.0427  0.3968  4.6200  12.8502
0.0236  0.1531  0.0429  0.3929  4.6362  12.8122
0.0235  0.1527  0.0428  0.3907  4.5541  12.8355
0.0235  0.1526  0.0428  0.4007  4.6672  12.8231
0.0235  0.1526  0.0428  0.4053  4.6649  12.8264
0.0236  0.1534  0.0430  0.3988  4.6296  12.7951
0.0236  0.1532  0.0428  0.3982  4.5598  12.8246
0.0235  0.1528  0.0427  0.3902  4.5365  12.8429
0.0236  0.1531  0.0429  0.3659  4.5186  12.8136
0.0235  0.1527  0.0427  0.3725  4.4132  12.8442

rate=0.45: 20 rounds
------------------------------------------------
0.0210  0.1367  0.0406  0.3250  4.1241  13.2956
0.0210  0.1363  0.0403  0.3417  4.1785  13.3451
0.0209  0.1358  0.0402  0.3257  4.1231  13.3750
0.0209  0.1355  0.0401  0.3275  4.2100  13.3897
0.0209  0.1356  0.0401  0.3337  4.1890  13.3892
0.0208  0.1354  0.0400  0.3193  4.0091  13.4100
0.0209  0.1356  0.0401  0.3263  4.0663  13.3879
0.0208  0.1349  0.0399  0.3315  4.1121  13.4423
0.0209  0.1359  0.0402  0.3313  4.1467  13.3678
0.0208  0.1353  0.0400  0.3248  4.0671  13.4043
0.0208  0.1353  0.0400  0.3263  4.0616  13.4249
0.0209  0.1359  0.0400  0.3230  4.0608  13.4071
0.0209  0.1357  0.0400  0.3215  4.1045  13.4160
0.0209  0.1357  0.0401  0.3347  4.0783  13.3964
0.0208  0.1354  0.0400  0.3370  4.0957  13.4191
0.0210  0.1363  0.0402  0.3334  4.0704  13.3788
0.0209  0.1360  0.0400  0.3393  4.0881  13.4039
0.0209  0.1358  0.0400  0.3369  4.1447  13.4076
0.0209  0.1360  0.0402  0.3131  4.0104  13.3767
0.0209  0.1359  0.0401  0.3250  3.9618  13.3981

rate=0.50: 20 rounds
------------------------------------------------
0.0185  0.1199  0.0376  0.2782  3.5738  13.9468
0.0184  0.1193  0.0373  0.2952  3.6402  14.0117
0.0184  0.1193  0.0373  0.2804  3.6164  14.0116
0.0184  0.1193  0.0374  0.2895  3.6950  14.0094
0.0184  0.1194  0.0374  0.2871  3.5855  14.0006
0.0184  0.1195  0.0374  0.2804  3.5161  14.0044
0.0184  0.1196  0.0375  0.2821  3.5756  13.9832
0.0183  0.1188  0.0372  0.2805  3.5920  14.0502
0.0184  0.1195  0.0374  0.2776  3.6185  13.9960
0.0183  0.1191  0.0373  0.2759  3.6255  14.0246
0.0183  0.1190  0.0372  0.2736  3.5804  14.0534
0.0185  0.1199  0.0374  0.2732  3.6011  14.0016
0.0184  0.1194  0.0373  0.2628  3.6371  14.0287
0.0184  0.1195  0.0374  0.2651  3.6160  14.0049
0.0183  0.1192  0.0373  0.2690  3.5911  14.0301
0.0185  0.1200  0.0374  0.2686  3.5701  13.9926
0.0184  0.1196  0.0374  0.2714  3.5816  14.0097
0.0184  0.1194  0.0373  0.2769  3.6032  14.0166
0.0184  0.1197  0.0375  0.2602  3.4718  13.9802
0.0184  0.1196  0.0374  0.2712  3.4405  13.9924

rate=0.55: 20 rounds
------------------------------------------------
0.0161  0.1048  0.0351  0.2346  3.0709  14.5567
0.0160  0.1043  0.0348  0.2487  3.1151  14.6299
0.0160  0.1041  0.0347  0.2382  3.0282  14.6398
0.0161  0.1044  0.0348  0.2469  3.1134  14.6290
0.0160  0.1043  0.0348  0.2454  3.0419  14.6249
0.0161  0.1047  0.0349  0.2389  2.9987  14.6090
0.0161  0.1044  0.0348  0.2402  3.0861  14.6196
0.0159  0.1036  0.0345  0.2360  3.0388  14.7052
0.0160  0.1041  0.0348  0.2317  3.0267  14.6356
0.0160  0.1038  0.0346  0.2290  3.0083  14.6707
0.0160  0.1039  0.0346  0.2267  2.9949  14.6806
0.0161  0.1047  0.0348  0.2348  3.0641  14.6244
0.0160  0.1042  0.0347  0.2254  3.1185  14.6611
0.0161  0.1046  0.0348  0.2259  3.1348  14.6200
0.0161  0.1044  0.0348  0.2308  3.1316  14.6339
0.0161  0.1047  0.0348  0.2325  3.1026  14.6187
0.0161  0.1044  0.0348  0.2355  3.0805  14.6346
0.0161  0.1043  0.0347  0.2389  3.0962  14.6464
0.0161  0.1046  0.0349  0.2247  3.0376  14.6027
0.0160  0.1042  0.0347  0.2352  3.0083  14.6374

rate=0.60: 20 rounds
------------------------------------------------
0.0139  0.0905  0.0324  0.2016  2.5930  15.2565
0.0139  0.0900  0.0322  0.2079  2.6274  15.3003
0.0138  0.0898  0.0321  0.1976  2.5851  15.3169
0.0139  0.0903  0.0323  0.2093  2.6684  15.2792
0.0138  0.0898  0.0322  0.2051  2.5851  15.3094
0.0138  0.0900  0.0321  0.1972  2.5451  15.3187
0.0138  0.0896  0.0321  0.1973  2.5880  15.3313
0.0137  0.0890  0.0318  0.1912  2.5817  15.4081
0.0138  0.0898  0.0322  0.1875  2.5889  15.2985
0.0138  0.0894  0.0320  0.1876  2.6611  15.3446
0.0138  0.0894  0.0320  0.1847  2.5828  15.3532
0.0138  0.0899  0.0321  0.1918  2.6317  15.3330
0.0138  0.0896  0.0320  0.1872  2.7345  15.3655
0.0138  0.0898  0.0321  0.1865  2.6910  15.3291
0.0138  0.0897  0.0320  0.1895  2.6558  15.3418
0.0139  0.0901  0.0321  0.1877  2.6556  15.3241
0.0139  0.0901  0.0322  0.1957  2.6495  15.3056
0.0138  0.0899  0.0321  0.2032  2.6902  15.3330
0.0139  0.0902  0.0322  0.1895  2.6097  15.2864
0.0138  0.0896  0.0320  0.2009  2.6251  15.3422

rate=0.65: 20 rounds
------------------------------------------------
0.0118  0.0768  0.0297  0.1637  2.1766  15.9994
0.0117  0.0763  0.0295  0.1712  2.1563  16.0521
0.0117  0.0762  0.0294  0.1660  2.2071  16.0762
0.0118  0.0765  0.0296  0.1735  2.1884  16.0356
0.0117  0.0762  0.0295  0.1740  2.1865  16.0641
0.0117  0.0762  0.0294  0.1678  2.1359  16.0951
0.0117  0.0759  0.0294  0.1644  2.2246  16.1027
0.0116  0.0755  0.0291  0.1616  2.2177  16.1692
0.0117  0.0762  0.0295  0.1592  2.1692  16.0456
0.0117  0.0759  0.0294  0.1581  2.2318  16.0869
0.0117  0.0760  0.0295  0.1551  2.1781  16.0739
0.0117  0.0762  0.0294  0.1570  2.1987  16.0771
0.0117  0.0757  0.0292  0.1554  2.2895  16.1381
0.0117  0.0761  0.0294  0.1545  2.2816  16.1001
0.0117  0.0760  0.0293  0.1545  2.2135  16.1110
0.0117  0.0762  0.0294  0.1535  2.2760  16.0823
0.0118  0.0766  0.0296  0.1629  2.2175  16.0275
0.0117  0.0763  0.0294  0.1701  2.2513  16.0862
0.0117  0.0763  0.0295  0.1582  2.1837  16.0729
0.0117  0.0760  0.0293  0.1703  2.2044  16.1070

rate=0.70: 20 rounds
------------------------------------------------
0.0097  0.0631  0.0267  0.1252  1.7540  16.9405
0.0097  0.0629  0.0266  0.1350  1.7380  16.9708
0.0097  0.0628  0.0265  0.1376  1.7619  16.9762
0.0097  0.0632  0.0267  0.1427  1.7677  16.9313
0.0097  0.0629  0.0266  0.1434  1.8044  16.9500
0.0097  0.0632  0.0266  0.1366  1.6970  16.9636
0.0096  0.0626  0.0265  0.1342  1.7506  16.9960
0.0096  0.0625  0.0264  0.1298  1.8192  17.0359
0.0097  0.0629  0.0267  0.1272  1.7950  16.9360
0.0096  0.0626  0.0265  0.1294  1.7978  17.0013
0.0097  0.0628  0.0265  0.1285  1.7966  16.9747
0.0097  0.0629  0.0266  0.1294  1.7940  16.9711
0.0096  0.0625  0.0263  0.1279  1.8071  17.0410
0.0097  0.0630  0.0266  0.1255  1.8423  16.9688
0.0097  0.0629  0.0265  0.1263  1.7940  16.9865
0.0096  0.0627  0.0264  0.1213  1.7811  17.0221
0.0098  0.0634  0.0267  0.1308  1.7556  16.9220
0.0097  0.0631  0.0265  0.1361  1.8117  16.9837
0.0097  0.0631  0.0266  0.1255  1.7741  16.9740
0.0097  0.0628  0.0264  0.1365  1.7429  17.0150

rate=0.75: 20 rounds
------------------------------------------------
0.0078  0.0507  0.0238  0.0955  1.3835  17.9386
0.0078  0.0506  0.0236  0.1051  1.3847  17.9850
0.0078  0.0507  0.0237  0.0994  1.3618  17.9462
0.0078  0.0510  0.0238  0.1037  1.3992  17.9164
0.0078  0.0507  0.0238  0.1051  1.3854  17.9346
0.0079  0.0512  0.0239  0.1016  1.3661  17.8985
0.0078  0.0506  0.0237  0.0996  1.4327  17.9671
0.0078  0.0504  0.0235  0.0956  1.4541  18.0430
0.0078  0.0508  0.0238  0.0939  1.4384  17.9236
0.0078  0.0504  0.0236  0.0957  1.4266  17.9942
0.0078  0.0508  0.0237  0.0985  1.4215  17.9544
0.0078  0.0506  0.0236  0.0996  1.4314  17.9871
0.0077  0.0502  0.0234  0.0954  1.4538  18.0630
0.0078  0.0506  0.0235  0.0936  1.4172  18.0402
0.0077  0.0503  0.0234  0.0946  1.4342  18.0660
0.0078  0.0506  0.0235  0.0938  1.3923  18.0187
0.0078  0.0508  0.0236  0.0987  1.3871  17.9844
0.0078  0.0510  0.0236  0.1049  1.4359  17.9893
0.0078  0.0508  0.0236  0.0971  1.3505  17.9889
0.0078  0.0505  0.0234  0.1067  1.3589  18.0628

rate=0.80: 20 rounds
------------------------------------------------
0.0060  0.0391  0.0207  0.0716  1.0372  19.1247
0.0060  0.0389  0.0205  0.0793  1.0295  19.2314
0.0060  0.0389  0.0205  0.0765  1.0441  19.2068
0.0060  0.0393  0.0207  0.0764  1.0514  19.1230
0.0060  0.0391  0.0207  0.0737  1.0728  19.1486
0.0060  0.0392  0.0206  0.0743  1.0358  19.1798
0.0060  0.0387  0.0205  0.0717  1.0621  19.2348
0.0060  0.0388  0.0203  0.0697  1.0678  19.2917
0.0060  0.0391  0.0207  0.0707  1.0464  19.1493
0.0060  0.0388  0.0204  0.0719  1.0511  19.2669
0.0060  0.0391  0.0205  0.0729  1.0438  19.2124
0.0060  0.0388  0.0205  0.0710  1.0762  19.2384
0.0060  0.0390  0.0205  0.0708  1.0752  19.2123
0.0060  0.0391  0.0205  0.0701  1.0445  19.2107
0.0060  0.0389  0.0204  0.0680  1.0652  19.2541
0.0060  0.0390  0.0205  0.0700  1.0330  19.2233
0.0060  0.0392  0.0206  0.0752  1.0580  19.1690
0.0061  0.0396  0.0207  0.0806  1.0628  19.1475
0.0060  0.0392  0.0207  0.0748  1.0288  19.1483
0.0060  0.0391  0.0205  0.0816  1.0436  19.2264

rate=0.85: 20 rounds
------------------------------------------------
0.0043  0.0282  0.0174  0.0503  0.7641  20.6205
0.0043  0.0282  0.0173  0.0536  0.7621  20.7071
0.0043  0.0280  0.0172  0.0491  0.7777  20.7341
0.0043  0.0281  0.0173  0.0522  0.7723  20.6714
0.0043  0.0283  0.0174  0.0536  0.7942  20.6379
0.0043  0.0281  0.0172  0.0530  0.7553  20.7237
0.0043  0.0279  0.0173  0.0514  0.7589  20.6919
0.0043  0.0277  0.0170  0.0478  0.7393  20.8316
0.0043  0.0282  0.0173  0.0488  0.7781  20.6716
0.0043  0.0277  0.0170  0.0472  0.7587  20.8313
0.0043  0.0280  0.0172  0.0474  0.7524  20.7340
0.0043  0.0279  0.0173  0.0490  0.7669  20.7063
0.0043  0.0281  0.0173  0.0479  0.7767  20.7196
0.0043  0.0281  0.0171  0.0476  0.7792  20.7936
0.0043  0.0279  0.0172  0.0465  0.7740  20.7555
0.0043  0.0280  0.0172  0.0485  0.7820  20.7401
0.0044  0.0283  0.0174  0.0553  0.7826  20.6316
0.0044  0.0287  0.0176  0.0580  0.8004  20.5570
0.0044  0.0283  0.0174  0.0534  0.7825  20.6423
0.0044  0.0283  0.0173  0.0551  0.7922  20.6754

rate=0.90: 20 rounds
------------------------------------------------
0.0028  0.0182  0.0140  0.0289  0.5521  22.5638
0.0028  0.0179  0.0136  0.0331  0.5481  22.8009
0.0028  0.0181  0.0137  0.0299  0.5634  22.7013
0.0028  0.0181  0.0137  0.0300  0.5623  22.7007
0.0028  0.0182  0.0138  0.0334  0.5653  22.6586
0.0028  0.0181  0.0137  0.0294  0.5474  22.7424
0.0028  0.0179  0.0137  0.0324  0.5545  22.7525
0.0027  0.0179  0.0135  0.0290  0.5480  22.8475
0.0028  0.0180  0.0137  0.0279  0.5379  22.7199
0.0027  0.0175  0.0132  0.0293  0.5369  23.0217
0.0028  0.0179  0.0136  0.0296  0.5430  22.7916
0.0027  0.0177  0.0136  0.0309  0.5450  22.7950
0.0027  0.0177  0.0136  0.0281  0.5640  22.8158
0.0028  0.0181  0.0137  0.0287  0.5508  22.7348
0.0027  0.0177  0.0135  0.0286  0.5558  22.8605
0.0027  0.0178  0.0136  0.0287  0.5403  22.8141
0.0028  0.0180  0.0139  0.0361  0.5550  22.5878
0.0029  0.0186  0.0141  0.0363  0.5864  22.4538
0.0028  0.0181  0.0138  0.0349  0.5597  22.6528
0.0028  0.0181  0.0137  0.0360  0.5401  22.7049

