======== Average result summary ========
Metric:  |  MAE  |  NMAE  |  RMSE  |  MRE  |  NNPRE  |  SNR  
rate=0.05: 0.0530  0.2742  0.0745  0.5457  3.3445  9.3877
rate=0.10: 0.0492  0.2546  0.0710  0.5152  3.2079  9.8009
rate=0.15: 0.0464  0.2399  0.0688  0.4900  3.0872  10.0720
rate=0.20: 0.0436  0.2258  0.0668  0.4607  2.9594  10.3349
rate=0.25: 0.0409  0.2117  0.0647  0.4301  2.8332  10.6136
rate=0.30: 0.0382  0.1976  0.0625  0.4015  2.6978  10.9125
rate=0.35: 0.0355  0.1835  0.0602  0.3751  2.5586  11.2341
rate=0.40: 0.0327  0.1694  0.0578  0.3473  2.4238  11.5827
rate=0.45: 0.0300  0.1553  0.0554  0.3164  2.2807  11.9606
rate=0.50: 0.0273  0.1412  0.0528  0.2871  2.1306  12.3739
rate=0.55: 0.0245  0.1270  0.0501  0.2577  1.9800  12.8308
rate=0.60: 0.0218  0.1129  0.0472  0.2290  1.8182  13.3416
rate=0.65: 0.0191  0.0988  0.0442  0.2012  1.6572  13.9240
rate=0.70: 0.0164  0.0847  0.0409  0.1773  1.4798  14.5918
rate=0.75: 0.0136  0.0706  0.0373  0.1517  1.2946  15.3834
rate=0.80: 0.0109  0.0565  0.0334  0.1258  1.0951  16.3508
rate=0.85: 0.0082  0.0424  0.0289  0.0956  0.8754  17.5975
rate=0.90: 0.0055  0.0283  0.0236  0.0633  0.6686  19.3542

======== Detailed results ========
rate=0.05: 20 rounds
------------------------------------------------
0.0529  0.2740  0.0744  0.5589  3.3581  9.3974
0.0530  0.2742  0.0745  0.5510  3.3465  9.3801
0.0531  0.2747  0.0746  0.5317  3.3581  9.3737
0.0530  0.2744  0.0745  0.5078  3.3326  9.3836
0.0530  0.2743  0.0745  0.5511  3.3514  9.3868
0.0530  0.2745  0.0745  0.5512  3.3646  9.3894
0.0530  0.2745  0.0746  0.5498  3.3231  9.3737
0.0528  0.2735  0.0743  0.5570  3.3392  9.4138
0.0529  0.2737  0.0743  0.5524  3.3345  9.4048
0.0530  0.2744  0.0745  0.5602  3.3570  9.3821
0.0530  0.2743  0.0745  0.5402  3.3632  9.3820
0.0530  0.2743  0.0745  0.5194  3.3433  9.3820
0.0531  0.2747  0.0747  0.5501  3.3287  9.3651
0.0529  0.2739  0.0743  0.5543  3.3512  9.4065
0.0530  0.2743  0.0745  0.5515  3.3399  9.3853
0.0530  0.2742  0.0745  0.5514  3.3434  9.3882
0.0530  0.2746  0.0746  0.5556  3.3293  9.3778
0.0528  0.2736  0.0743  0.5537  3.3321  9.4113
0.0529  0.2740  0.0745  0.5078  3.3281  9.3866
0.0530  0.2743  0.0745  0.5587  3.3664  9.3845

rate=0.10: 20 rounds
------------------------------------------------
0.0492  0.2547  0.0710  0.5185  3.2156  9.8024
0.0492  0.2546  0.0710  0.5217  3.2170  9.8006
0.0492  0.2548  0.0711  0.5062  3.2195  9.7958
0.0493  0.2552  0.0712  0.4532  3.2022  9.7778
0.0492  0.2549  0.0711  0.5264  3.2121  9.7920
0.0492  0.2547  0.0710  0.5203  3.2134  9.8060
0.0492  0.2549  0.0711  0.5258  3.1919  9.7891
0.0492  0.2546  0.0710  0.5294  3.2093  9.8059
0.0491  0.2540  0.0709  0.5250  3.2083  9.8192
0.0492  0.2549  0.0711  0.5253  3.2190  9.7916
0.0491  0.2544  0.0709  0.5085  3.2114  9.8119
0.0492  0.2548  0.0710  0.4882  3.1965  9.7968
0.0492  0.2549  0.0711  0.5193  3.2008  9.7892
0.0491  0.2543  0.0709  0.5252  3.2047  9.8202
0.0492  0.2546  0.0710  0.5271  3.2117  9.8056
0.0491  0.2544  0.0710  0.5222  3.1998  9.8089
0.0493  0.2550  0.0712  0.5288  3.1911  9.7802
0.0491  0.2542  0.0709  0.5240  3.2161  9.8209
0.0492  0.2546  0.0711  0.4792  3.2018  9.7960
0.0492  0.2545  0.0710  0.5295  3.2166  9.8077

rate=0.15: 20 rounds
------------------------------------------------
0.0464  0.2400  0.0689  0.4623  3.0903  10.0685
0.0464  0.2400  0.0689  0.4986  3.0843  10.0619
0.0464  0.2402  0.0689  0.4844  3.0891  10.0587
0.0464  0.2400  0.0689  0.4292  3.0894  10.0671
0.0464  0.2403  0.0690  0.5003  3.0872  10.0526
0.0464  0.2400  0.0688  0.4989  3.0845  10.0815
0.0464  0.2400  0.0689  0.4984  3.0644  10.0650
0.0464  0.2399  0.0688  0.5080  3.1032  10.0745
0.0463  0.2396  0.0687  0.5030  3.0967  10.0831
0.0464  0.2403  0.0689  0.5043  3.0888  10.0602
0.0463  0.2398  0.0688  0.4893  3.0937  10.0770
0.0464  0.2401  0.0689  0.4625  3.0782  10.0611
0.0464  0.2401  0.0689  0.4944  3.0880  10.0620
0.0463  0.2395  0.0686  0.5014  3.0709  10.0954
0.0464  0.2399  0.0688  0.5020  3.0884  10.0751
0.0463  0.2396  0.0687  0.5009  3.0720  10.0861
0.0464  0.2400  0.0688  0.5072  3.0901  10.0714
0.0463  0.2397  0.0687  0.4966  3.0860  10.0850
0.0463  0.2399  0.0688  0.4542  3.0914  10.0720
0.0463  0.2399  0.0688  0.5036  3.1073  10.0819

rate=0.20: 20 rounds
------------------------------------------------
0.0436  0.2258  0.0668  0.4409  2.9568  10.3376
0.0436  0.2259  0.0668  0.4789  2.9654  10.3280
0.0437  0.2260  0.0668  0.4275  2.9579  10.3261
0.0436  0.2259  0.0668  0.4048  2.9602  10.3332
0.0437  0.2262  0.0669  0.4784  2.9589  10.3171
0.0436  0.2258  0.0667  0.4369  2.9503  10.3396
0.0436  0.2259  0.0668  0.4620  2.9342  10.3271
0.0436  0.2258  0.0667  0.4533  2.9737  10.3392
0.0436  0.2255  0.0667  0.4819  2.9668  10.3426
0.0437  0.2260  0.0668  0.4817  2.9745  10.3292
0.0436  0.2258  0.0668  0.4662  2.9689  10.3381
0.0437  0.2260  0.0669  0.4375  2.9460  10.3244
0.0436  0.2259  0.0668  0.4737  2.9640  10.3294
0.0436  0.2255  0.0666  0.4801  2.9437  10.3546
0.0437  0.2260  0.0669  0.4811  2.9460  10.3254
0.0436  0.2255  0.0667  0.4775  2.9541  10.3501
0.0436  0.2258  0.0667  0.4830  2.9612  10.3392
0.0436  0.2258  0.0668  0.4735  2.9640  10.3372
0.0436  0.2259  0.0668  0.4326  2.9655  10.3286
0.0436  0.2256  0.0667  0.4624  2.9750  10.3504

rate=0.25: 20 rounds
------------------------------------------------
0.0409  0.2116  0.0646  0.3819  2.8255  10.6205
0.0409  0.2117  0.0647  0.4536  2.8358  10.6141
0.0409  0.2118  0.0647  0.4064  2.8304  10.6096
0.0409  0.2118  0.0647  0.3834  2.8323  10.6120
0.0409  0.2119  0.0648  0.4573  2.8423  10.6029
0.0409  0.2118  0.0647  0.4129  2.8223  10.6156
0.0409  0.2118  0.0647  0.4020  2.8182  10.6074
0.0409  0.2118  0.0647  0.4253  2.8500  10.6099
0.0409  0.2115  0.0646  0.4368  2.8447  10.6191
0.0410  0.2120  0.0648  0.4571  2.8468  10.6020
0.0409  0.2118  0.0647  0.4421  2.8461  10.6103
0.0409  0.2119  0.0647  0.3967  2.8134  10.6050
0.0409  0.2117  0.0646  0.4524  2.8425  10.6181
0.0408  0.2113  0.0645  0.4573  2.8216  10.6375
0.0409  0.2119  0.0648  0.4607  2.8167  10.6020
0.0409  0.2115  0.0646  0.4565  2.8286  10.6237
0.0409  0.2117  0.0646  0.4605  2.8287  10.6202
0.0409  0.2116  0.0646  0.4475  2.8286  10.6185
0.0409  0.2119  0.0647  0.4089  2.8375  10.6039
0.0409  0.2116  0.0646  0.4038  2.8519  10.6206

rate=0.30: 20 rounds
------------------------------------------------
0.0382  0.1975  0.0624  0.3602  2.6923  10.9177
0.0382  0.1976  0.0625  0.4332  2.7045  10.9104
0.0382  0.1978  0.0625  0.3818  2.6989  10.9047
0.0382  0.1977  0.0625  0.3591  2.7020  10.9133
0.0382  0.1977  0.0625  0.4309  2.7109  10.9129
0.0382  0.1978  0.0625  0.3880  2.6872  10.9112
0.0382  0.1975  0.0625  0.3439  2.6797  10.9146
0.0382  0.1979  0.0626  0.3945  2.7116  10.8998
0.0382  0.1975  0.0625  0.4141  2.7031  10.9168
0.0382  0.1978  0.0625  0.4328  2.7100  10.9059
0.0382  0.1978  0.0626  0.3816  2.7093  10.9001
0.0382  0.1977  0.0625  0.3718  2.6870  10.9137
0.0382  0.1977  0.0625  0.4312  2.7051  10.9091
0.0381  0.1972  0.0623  0.4280  2.6803  10.9358
0.0382  0.1979  0.0626  0.4370  2.6839  10.9010
0.0382  0.1975  0.0624  0.4351  2.6949  10.9222
0.0382  0.1976  0.0624  0.4189  2.6866  10.9180
0.0382  0.1976  0.0625  0.4227  2.6902  10.9139
0.0382  0.1977  0.0625  0.3848  2.7042  10.9036
0.0381  0.1974  0.0624  0.3807  2.7149  10.9251

rate=0.35: 20 rounds
------------------------------------------------
0.0354  0.1833  0.0601  0.3380  2.5528  11.2450
0.0354  0.1835  0.0602  0.4115  2.5524  11.2343
0.0355  0.1836  0.0602  0.3576  2.5588  11.2291
0.0355  0.1837  0.0603  0.3339  2.5702  11.2278
0.0354  0.1835  0.0602  0.4095  2.5608  11.2362
0.0355  0.1836  0.0602  0.3471  2.5584  11.2340
0.0355  0.1836  0.0603  0.3170  2.5517  11.2289
0.0355  0.1837  0.0603  0.3517  2.5630  11.2250
0.0354  0.1835  0.0602  0.3936  2.5577  11.2356
0.0355  0.1837  0.0603  0.4084  2.5694  11.2235
0.0355  0.1836  0.0603  0.3572  2.5792  11.2260
0.0355  0.1835  0.0602  0.3501  2.5527  11.2365
0.0355  0.1837  0.0603  0.4096  2.5631  11.2259
0.0354  0.1832  0.0601  0.4065  2.5414  11.2544
0.0355  0.1836  0.0602  0.4151  2.5487  11.2331
0.0354  0.1834  0.0602  0.4096  2.5573  11.2410
0.0354  0.1834  0.0602  0.3634  2.5515  11.2399
0.0354  0.1834  0.0602  0.4012  2.5574  11.2362
0.0355  0.1835  0.0602  0.3645  2.5611  11.2301
0.0354  0.1834  0.0602  0.3565  2.5645  11.2392

rate=0.40: 20 rounds
------------------------------------------------
0.0327  0.1693  0.0578  0.3143  2.4185  11.5914
0.0327  0.1693  0.0578  0.3895  2.4239  11.5822
0.0327  0.1695  0.0579  0.3355  2.4255  11.5747
0.0327  0.1695  0.0579  0.3119  2.4404  11.5793
0.0327  0.1693  0.0578  0.3519  2.4194  11.5884
0.0328  0.1695  0.0579  0.3225  2.4230  11.5786
0.0328  0.1696  0.0579  0.2944  2.4150  11.5727
0.0328  0.1696  0.0579  0.3307  2.4329  11.5749
0.0327  0.1693  0.0578  0.3726  2.4209  11.5864
0.0327  0.1694  0.0579  0.3852  2.4333  11.5813
0.0327  0.1695  0.0579  0.3024  2.4544  11.5711
0.0327  0.1694  0.0578  0.3283  2.4105  11.5863
0.0327  0.1695  0.0579  0.3866  2.4183  11.5745
0.0327  0.1692  0.0578  0.3851  2.4031  11.5956
0.0327  0.1694  0.0578  0.3734  2.4131  11.5838
0.0327  0.1692  0.0578  0.3878  2.4206  11.5955
0.0327  0.1694  0.0578  0.3376  2.4156  11.5884
0.0327  0.1692  0.0578  0.3666  2.4203  11.5880
0.0327  0.1694  0.0579  0.3409  2.4299  11.5792
0.0327  0.1693  0.0579  0.3290  2.4377  11.5817

rate=0.45: 20 rounds
------------------------------------------------
0.0300  0.1552  0.0553  0.2880  2.2770  11.9674
0.0300  0.1552  0.0554  0.3668  2.2777  11.9622
0.0300  0.1552  0.0554  0.3114  2.2868  11.9607
0.0300  0.1552  0.0553  0.2698  2.2956  11.9663
0.0300  0.1552  0.0553  0.2938  2.2621  11.9691
0.0300  0.1553  0.0554  0.2942  2.2776  11.9606
0.0300  0.1555  0.0555  0.2727  2.2719  11.9470
0.0301  0.1556  0.0555  0.3096  2.2964  11.9414
0.0300  0.1552  0.0553  0.3096  2.2774  11.9658
0.0300  0.1553  0.0554  0.3583  2.3012  11.9576
0.0300  0.1553  0.0554  0.2772  2.3007  11.9531
0.0300  0.1552  0.0554  0.3033  2.2647  11.9649
0.0300  0.1554  0.0555  0.3516  2.2695  11.9487
0.0300  0.1552  0.0554  0.3598  2.2656  11.9638
0.0300  0.1553  0.0554  0.3517  2.2700  11.9555
0.0300  0.1551  0.0553  0.3658  2.2824  11.9803
0.0300  0.1553  0.0554  0.3121  2.2748  11.9617
0.0300  0.1552  0.0554  0.3463  2.2791  11.9636
0.0300  0.1553  0.0554  0.2851  2.2877  11.9580
0.0300  0.1551  0.0554  0.3013  2.2967  11.9647

rate=0.50: 20 rounds
------------------------------------------------
0.0273  0.1412  0.0528  0.2663  2.1277  12.3781
0.0273  0.1413  0.0529  0.3358  2.1273  12.3641
0.0273  0.1411  0.0528  0.2851  2.1388  12.3751
0.0272  0.1410  0.0527  0.2443  2.1312  12.3838
0.0273  0.1412  0.0528  0.2650  2.1256  12.3778
0.0273  0.1411  0.0528  0.2696  2.1199  12.3748
0.0273  0.1412  0.0528  0.2521  2.1175  12.3712
0.0273  0.1414  0.0529  0.2547  2.1451  12.3574
0.0272  0.1410  0.0527  0.2512  2.1306  12.3856
0.0273  0.1412  0.0528  0.3351  2.1452  12.3704
0.0273  0.1412  0.0528  0.2550  2.1548  12.3696
0.0273  0.1412  0.0528  0.2825  2.1237  12.3717
0.0273  0.1412  0.0529  0.3226  2.1136  12.3647
0.0273  0.1411  0.0528  0.3022  2.1222  12.3790
0.0273  0.1413  0.0529  0.3301  2.1226  12.3622
0.0272  0.1410  0.0527  0.3444  2.1290  12.3951
0.0273  0.1411  0.0528  0.2831  2.1318  12.3762
0.0273  0.1411  0.0528  0.3225  2.1261  12.3741
0.0273  0.1412  0.0528  0.2595  2.1357  12.3723
0.0273  0.1411  0.0528  0.2800  2.1436  12.3757

rate=0.55: 20 rounds
------------------------------------------------
0.0246  0.1271  0.0501  0.2422  1.9738  12.8304
0.0246  0.1271  0.0501  0.2773  1.9803  12.8262
0.0245  0.1270  0.0501  0.2260  1.9874  12.8318
0.0245  0.1271  0.0501  0.2143  1.9822  12.8297
0.0245  0.1270  0.0501  0.2418  1.9807  12.8359
0.0245  0.1270  0.0501  0.2128  1.9686  12.8381
0.0245  0.1269  0.0501  0.2311  1.9680  12.8379
0.0246  0.1273  0.0502  0.2197  1.9971  12.8133
0.0245  0.1270  0.0500  0.2296  1.9773  12.8423
0.0246  0.1271  0.0501  0.3136  1.9869  12.8247
0.0246  0.1271  0.0501  0.2326  1.9920  12.8261
0.0245  0.1270  0.0501  0.2572  1.9648  12.8371
0.0246  0.1272  0.0502  0.3013  1.9665  12.8194
0.0245  0.1269  0.0501  0.2780  1.9745  12.8388
0.0246  0.1272  0.0502  0.3085  1.9803  12.8099
0.0245  0.1270  0.0500  0.3186  1.9816  12.8503
0.0245  0.1270  0.0501  0.2587  1.9748  12.8358
0.0245  0.1270  0.0501  0.2994  1.9759  12.8303
0.0245  0.1270  0.0501  0.2358  1.9999  12.8292
0.0245  0.1270  0.0501  0.2545  1.9869  12.8294

rate=0.60: 20 rounds
------------------------------------------------
0.0218  0.1130  0.0472  0.2214  1.8102  13.3451
0.0218  0.1130  0.0473  0.2560  1.8178  13.3337
0.0218  0.1129  0.0472  0.2047  1.8284  13.3418
0.0218  0.1129  0.0472  0.1915  1.8210  13.3420
0.0218  0.1129  0.0472  0.2205  1.8183  13.3404
0.0218  0.1130  0.0473  0.1927  1.8047  13.3387
0.0218  0.1128  0.0472  0.2063  1.8160  13.3504
0.0219  0.1131  0.0473  0.1942  1.8315  13.3272
0.0218  0.1128  0.0471  0.2051  1.8084  13.3591
0.0218  0.1131  0.0473  0.2567  1.8280  13.3271
0.0218  0.1130  0.0473  0.1918  1.8306  13.3343
0.0218  0.1128  0.0472  0.2322  1.8098  13.3536
0.0218  0.1131  0.0473  0.2582  1.8009  13.3359
0.0218  0.1129  0.0472  0.2534  1.8147  13.3433
0.0218  0.1131  0.0473  0.2833  1.8227  13.3237
0.0218  0.1129  0.0471  0.2978  1.8186  13.3613
0.0218  0.1128  0.0472  0.1963  1.8106  13.3501
0.0218  0.1129  0.0472  0.2768  1.8066  13.3465
0.0218  0.1130  0.0473  0.2102  1.8350  13.3317
0.0218  0.1128  0.0472  0.2305  1.8305  13.3453

rate=0.65: 20 rounds
------------------------------------------------
0.0191  0.0989  0.0442  0.1974  1.6444  13.9206
0.0191  0.0989  0.0442  0.2203  1.6605  13.9139
0.0191  0.0988  0.0442  0.1832  1.6603  13.9158
0.0191  0.0988  0.0442  0.1707  1.6593  13.9292
0.0191  0.0988  0.0442  0.1981  1.6606  13.9175
0.0191  0.0988  0.0442  0.1710  1.6455  13.9283
0.0191  0.0988  0.0441  0.1848  1.6557  13.9298
0.0191  0.0989  0.0442  0.1699  1.6724  13.9167
0.0191  0.0988  0.0441  0.1845  1.6556  13.9359
0.0191  0.0988  0.0442  0.1958  1.6589  13.9199
0.0191  0.0989  0.0442  0.1698  1.6631  13.9161
0.0191  0.0987  0.0441  0.1976  1.6564  13.9363
0.0191  0.0990  0.0442  0.2370  1.6460  13.9100
0.0191  0.0987  0.0441  0.2313  1.6483  13.9331
0.0191  0.0989  0.0443  0.2440  1.6655  13.9065
0.0191  0.0988  0.0441  0.2492  1.6580  13.9433
0.0191  0.0987  0.0441  0.1744  1.6512  13.9356
0.0191  0.0987  0.0441  0.2498  1.6447  13.9322
0.0191  0.0989  0.0442  0.1883  1.6731  13.9111
0.0191  0.0987  0.0442  0.2062  1.6642  13.9291

rate=0.70: 20 rounds
------------------------------------------------
0.0164  0.0848  0.0409  0.1724  1.4712  14.5920
0.0164  0.0848  0.0409  0.1995  1.4870  14.5858
0.0164  0.0847  0.0409  0.1591  1.4794  14.5844
0.0164  0.0847  0.0409  0.1373  1.4829  14.6024
0.0164  0.0848  0.0409  0.1757  1.4763  14.5847
0.0164  0.0847  0.0409  0.1491  1.4677  14.5953
0.0164  0.0847  0.0409  0.1605  1.4789  14.5939
0.0164  0.0848  0.0410  0.1486  1.4986  14.5806
0.0164  0.0847  0.0409  0.1614  1.4791  14.5972
0.0164  0.0848  0.0409  0.1619  1.4812  14.5843
0.0164  0.0848  0.0409  0.1487  1.4858  14.5850
0.0163  0.0846  0.0408  0.1767  1.4778  14.6093
0.0164  0.0848  0.0409  0.2112  1.4719  14.5854
0.0163  0.0846  0.0409  0.2106  1.4786  14.6007
0.0164  0.0848  0.0410  0.2197  1.4846  14.5741
0.0164  0.0848  0.0409  0.2208  1.4797  14.5993
0.0163  0.0846  0.0409  0.1511  1.4635  14.6023
0.0163  0.0846  0.0409  0.2290  1.4732  14.5925
0.0164  0.0847  0.0409  0.1665  1.4911  14.5841
0.0163  0.0846  0.0409  0.1858  1.4867  14.6034

rate=0.75: 20 rounds
------------------------------------------------
0.0136  0.0705  0.0373  0.1504  1.2870  15.3973
0.0136  0.0706  0.0374  0.1700  1.3031  15.3811
0.0136  0.0706  0.0374  0.1348  1.2985  15.3734
0.0136  0.0705  0.0373  0.1168  1.3026  15.3995
0.0136  0.0706  0.0374  0.1352  1.2886  15.3821
0.0137  0.0707  0.0374  0.1272  1.2833  15.3814
0.0136  0.0706  0.0373  0.1388  1.2995  15.3904
0.0137  0.0707  0.0374  0.1265  1.3070  15.3657
0.0136  0.0706  0.0373  0.1308  1.2984  15.3842
0.0137  0.0707  0.0374  0.1386  1.2898  15.3706
0.0136  0.0706  0.0373  0.1252  1.3054  15.3824
0.0136  0.0706  0.0373  0.1517  1.2936  15.3930
0.0137  0.0708  0.0374  0.1860  1.2910  15.3703
0.0136  0.0706  0.0373  0.1811  1.2890  15.3839
0.0136  0.0706  0.0374  0.1904  1.2936  15.3816
0.0137  0.0707  0.0373  0.1958  1.2963  15.3924
0.0136  0.0706  0.0374  0.1281  1.2830  15.3818
0.0136  0.0705  0.0373  0.2056  1.2855  15.3997
0.0136  0.0706  0.0374  0.1401  1.2968  15.3699
0.0136  0.0705  0.0373  0.1614  1.2998  15.3865

rate=0.80: 20 rounds
------------------------------------------------
0.0109  0.0564  0.0334  0.1294  1.0871  16.3626
0.0109  0.0566  0.0335  0.1461  1.1034  16.3352
0.0109  0.0565  0.0334  0.1133  1.0939  16.3423
0.0109  0.0565  0.0334  0.0941  1.1048  16.3584
0.0109  0.0565  0.0334  0.1098  1.0880  16.3528
0.0109  0.0566  0.0334  0.1058  1.0918  16.3468
0.0109  0.0565  0.0334  0.1168  1.0935  16.3583
0.0109  0.0565  0.0334  0.0933  1.1048  16.3408
0.0109  0.0565  0.0334  0.1044  1.0992  16.3514
0.0109  0.0565  0.0334  0.1167  1.0978  16.3509
0.0109  0.0566  0.0335  0.1007  1.0915  16.3398
0.0109  0.0565  0.0334  0.1273  1.0951  16.3559
0.0110  0.0567  0.0335  0.1622  1.0986  16.3238
0.0109  0.0564  0.0334  0.1598  1.0912  16.3592
0.0109  0.0564  0.0334  0.1647  1.0969  16.3557
0.0109  0.0565  0.0334  0.1401  1.1022  16.3606
0.0109  0.0565  0.0334  0.1074  1.0900  16.3563
0.0109  0.0563  0.0333  0.1851  1.0840  16.3745
0.0109  0.0565  0.0335  0.0981  1.0947  16.3334
0.0109  0.0564  0.0334  0.1407  1.0931  16.3571

rate=0.85: 20 rounds
------------------------------------------------
0.0082  0.0424  0.0289  0.1078  0.8663  17.5978
0.0082  0.0424  0.0290  0.1219  0.8823  17.5927
0.0082  0.0424  0.0290  0.0755  0.8771  17.5884
0.0082  0.0424  0.0289  0.0652  0.8821  17.5984
0.0082  0.0423  0.0289  0.0877  0.8643  17.5984
0.0082  0.0424  0.0289  0.0822  0.8745  17.6067
0.0082  0.0423  0.0289  0.0923  0.8745  17.5978
0.0082  0.0424  0.0290  0.0719  0.8794  17.5757
0.0082  0.0424  0.0289  0.0833  0.8779  17.6183
0.0082  0.0424  0.0289  0.0954  0.8873  17.6062
0.0082  0.0424  0.0290  0.0727  0.8717  17.5858
0.0082  0.0424  0.0290  0.1064  0.8752  17.5932
0.0082  0.0425  0.0290  0.1378  0.8766  17.5820
0.0082  0.0424  0.0289  0.1013  0.8683  17.5977
0.0082  0.0422  0.0289  0.1013  0.8806  17.6242
0.0082  0.0424  0.0289  0.0843  0.8804  17.6246
0.0082  0.0423  0.0290  0.0829  0.8735  17.5950
0.0082  0.0423  0.0289  0.1638  0.8661  17.6048
0.0082  0.0424  0.0290  0.0728  0.8790  17.5716
0.0082  0.0424  0.0290  0.1063  0.8715  17.5909

rate=0.90: 20 rounds
------------------------------------------------
0.0055  0.0282  0.0236  0.0838  0.6705  19.3794
0.0055  0.0283  0.0237  0.0967  0.6693  19.3408
0.0055  0.0283  0.0237  0.0508  0.6686  19.3218
0.0055  0.0283  0.0236  0.0443  0.6728  19.3703
0.0054  0.0282  0.0236  0.0633  0.6690  19.3826
0.0055  0.0283  0.0236  0.0468  0.6694  19.3571
0.0055  0.0282  0.0236  0.0699  0.6703  19.3633
0.0055  0.0284  0.0237  0.0514  0.6703  19.3149
0.0055  0.0282  0.0236  0.0615  0.6646  19.3744
0.0054  0.0282  0.0236  0.0716  0.6713  19.3766
0.0055  0.0283  0.0237  0.0479  0.6647  19.3402
0.0055  0.0282  0.0236  0.0852  0.6694  19.3585
0.0055  0.0283  0.0237  0.0788  0.6709  19.3490
0.0055  0.0283  0.0237  0.0637  0.6675  19.3454
0.0054  0.0281  0.0235  0.0453  0.6639  19.4013
0.0055  0.0283  0.0236  0.0593  0.6738  19.3541
0.0054  0.0282  0.0237  0.0482  0.6649  19.3401
0.0055  0.0283  0.0236  0.0675  0.6691  19.3683
0.0055  0.0283  0.0237  0.0486  0.6662  19.3223
0.0055  0.0283  0.0237  0.0807  0.6656  19.3236

