======== Average result summary ========
Metric:  |  MAE  |  NMAE  |  RMSE  |  MRE  |  NNPRE  |  SNR  
rate=0.05: 0.0557  0.2980  0.0772  0.7162  5.6629  8.9896
rate=0.10: 0.0511  0.2733  0.0729  0.6608  5.3267  9.4935
rate=0.15: 0.0478  0.2561  0.0702  0.6198  5.0728  9.8134
rate=0.20: 0.0449  0.2405  0.0680  0.5833  4.8455  10.0951
rate=0.25: 0.0421  0.2254  0.0658  0.5465  4.6171  10.3817
rate=0.30: 0.0393  0.2104  0.0636  0.5105  4.3868  10.6796
rate=0.35: 0.0365  0.1952  0.0612  0.4738  4.1442  11.0055
rate=0.40: 0.0337  0.1802  0.0588  0.4365  3.9081  11.3548
rate=0.45: 0.0309  0.1651  0.0563  0.4009  3.6522  11.7323
rate=0.50: 0.0281  0.1502  0.0537  0.3656  3.4014  12.1457
rate=0.55: 0.0253  0.1352  0.0510  0.3296  3.1373  12.6020
rate=0.60: 0.0224  0.1201  0.0480  0.2925  2.8614  13.1164
rate=0.65: 0.0196  0.1051  0.0449  0.2546  2.5834  13.6970
rate=0.70: 0.0168  0.0900  0.0416  0.2195  2.2977  14.3700
rate=0.75: 0.0140  0.0750  0.0380  0.1841  1.9990  15.1615
rate=0.80: 0.0112  0.0600  0.0339  0.1466  1.6911  16.1425
rate=0.85: 0.0084  0.0450  0.0294  0.1111  1.3562  17.3879
rate=0.90: 0.0056  0.0300  0.0240  0.0727  0.9789  19.1489

======== Detailed results ========
rate=0.05: 20 rounds
------------------------------------------------
0.0557  0.2982  0.0773  0.7173  5.6647  8.9847
0.0557  0.2981  0.0772  0.7179  5.6624  8.9914
0.0557  0.2981  0.0773  0.7146  5.6680  8.9851
0.0558  0.2985  0.0774  0.7137  5.6612  8.9752
0.0556  0.2977  0.0772  0.7142  5.6677  8.9935
0.0557  0.2982  0.0773  0.7147  5.6685  8.9810
0.0557  0.2983  0.0773  0.7143  5.6627  8.9805
0.0557  0.2980  0.0773  0.7152  5.6463  8.9854
0.0557  0.2983  0.0774  0.7198  5.6863  8.9769
0.0557  0.2984  0.0773  0.7215  5.7055  8.9796
0.0556  0.2976  0.0771  0.7185  5.6603  9.0017
0.0556  0.2979  0.0772  0.7150  5.6578  8.9903
0.0556  0.2975  0.0771  0.7148  5.6155  9.0026
0.0557  0.2982  0.0773  0.7184  5.6550  8.9842
0.0556  0.2974  0.0771  0.7178  5.6647  9.0082
0.0556  0.2974  0.0771  0.7124  5.6453  9.0048
0.0556  0.2979  0.0772  0.7163  5.6504  8.9920
0.0557  0.2979  0.0772  0.7149  5.6903  8.9919
0.0557  0.2980  0.0772  0.7155  5.6638  8.9907
0.0556  0.2977  0.0772  0.7162  5.6624  8.9928

rate=0.10: 20 rounds
------------------------------------------------
0.0511  0.2733  0.0729  0.6656  5.3347  9.4937
0.0510  0.2730  0.0728  0.6618  5.3367  9.5014
0.0510  0.2732  0.0729  0.6659  5.3267  9.4954
0.0511  0.2737  0.0730  0.6617  5.3248  9.4849
0.0511  0.2735  0.0729  0.6615  5.3408  9.4860
0.0511  0.2735  0.0729  0.6628  5.3411  9.4871
0.0511  0.2736  0.0729  0.6617  5.3420  9.4863
0.0511  0.2733  0.0729  0.6609  5.3318  9.4890
0.0511  0.2734  0.0729  0.6596  5.3346  9.4894
0.0511  0.2733  0.0729  0.6612  5.3508  9.4946
0.0510  0.2731  0.0728  0.6595  5.3507  9.5009
0.0510  0.2732  0.0729  0.6600  5.3141  9.4942
0.0510  0.2731  0.0729  0.6600  5.2961  9.4941
0.0511  0.2733  0.0729  0.6621  5.3114  9.4943
0.0510  0.2729  0.0728  0.6554  5.3156  9.5048
0.0510  0.2730  0.0728  0.6565  5.3120  9.5029
0.0510  0.2732  0.0729  0.6604  5.3230  9.4962
0.0511  0.2733  0.0729  0.6583  5.3308  9.4943
0.0511  0.2733  0.0729  0.6603  5.3151  9.4933
0.0511  0.2734  0.0729  0.6602  5.3007  9.4873

rate=0.15: 20 rounds
------------------------------------------------
0.0478  0.2561  0.0703  0.6229  5.0795  9.8131
0.0478  0.2560  0.0702  0.6186  5.0802  9.8173
0.0478  0.2561  0.0703  0.6210  5.0808  9.8116
0.0479  0.2564  0.0703  0.6209  5.0785  9.8059
0.0479  0.2562  0.0703  0.6218  5.0839  9.8079
0.0478  0.2561  0.0703  0.6212  5.0888  9.8120
0.0479  0.2563  0.0703  0.6220  5.0911  9.8060
0.0478  0.2561  0.0703  0.6208  5.0757  9.8082
0.0478  0.2561  0.0703  0.6214  5.0903  9.8116
0.0479  0.2562  0.0702  0.6225  5.0981  9.8136
0.0478  0.2561  0.0702  0.6179  5.1028  9.8140
0.0478  0.2560  0.0703  0.6184  5.0642  9.8111
0.0478  0.2560  0.0703  0.6203  5.0468  9.8128
0.0478  0.2560  0.0702  0.6204  5.0571  9.8185
0.0478  0.2558  0.0702  0.6164  5.0634  9.8216
0.0478  0.2558  0.0702  0.6171  5.0602  9.8251
0.0478  0.2559  0.0702  0.6205  5.0526  9.8182
0.0479  0.2561  0.0702  0.6164  5.0612  9.8138
0.0479  0.2561  0.0702  0.6174  5.0517  9.8140
0.0479  0.2561  0.0703  0.6190  5.0489  9.8120

rate=0.20: 20 rounds
------------------------------------------------
0.0450  0.2406  0.0680  0.5881  4.8519  10.0919
0.0449  0.2404  0.0680  0.5827  4.8530  10.1013
0.0449  0.2406  0.0680  0.5820  4.8635  10.0943
0.0450  0.2408  0.0681  0.5827  4.8406  10.0884
0.0450  0.2407  0.0681  0.5838  4.8485  10.0885
0.0450  0.2406  0.0680  0.5848  4.8537  10.0924
0.0450  0.2406  0.0680  0.5853  4.8600  10.0906
0.0449  0.2406  0.0680  0.5848  4.8502  10.0912
0.0449  0.2405  0.0680  0.5848  4.8604  10.0939
0.0450  0.2406  0.0680  0.5855  4.8647  10.0946
0.0449  0.2406  0.0680  0.5829  4.8639  10.0952
0.0449  0.2405  0.0680  0.5812  4.8463  10.0947
0.0449  0.2405  0.0680  0.5839  4.8240  10.0937
0.0449  0.2404  0.0680  0.5848  4.8295  10.1012
0.0449  0.2403  0.0679  0.5769  4.8360  10.1034
0.0449  0.2404  0.0679  0.5776  4.8344  10.1029
0.0449  0.2404  0.0680  0.5846  4.8242  10.1005
0.0449  0.2406  0.0680  0.5823  4.8437  10.0961
0.0450  0.2406  0.0680  0.5825  4.8294  10.0951
0.0450  0.2406  0.0680  0.5855  4.8317  10.0920

rate=0.25: 20 rounds
------------------------------------------------
0.0421  0.2254  0.0658  0.5524  4.6275  10.3775
0.0421  0.2252  0.0658  0.5479  4.6215  10.3880
0.0421  0.2253  0.0658  0.5452  4.6101  10.3836
0.0421  0.2255  0.0658  0.5457  4.6107  10.3776
0.0421  0.2254  0.0658  0.5439  4.6175  10.3788
0.0421  0.2254  0.0658  0.5467  4.6223  10.3792
0.0421  0.2253  0.0658  0.5446  4.6333  10.3815
0.0421  0.2255  0.0658  0.5494  4.6365  10.3763
0.0421  0.2254  0.0658  0.5480  4.6298  10.3775
0.0421  0.2255  0.0658  0.5485  4.6372  10.3784
0.0421  0.2254  0.0658  0.5469  4.6225  10.3811
0.0421  0.2255  0.0658  0.5444  4.6080  10.3770
0.0421  0.2254  0.0658  0.5458  4.6046  10.3757
0.0421  0.2253  0.0658  0.5478  4.6030  10.3859
0.0421  0.2252  0.0657  0.5379  4.5991  10.3892
0.0421  0.2252  0.0657  0.5415  4.6121  10.3938
0.0421  0.2252  0.0658  0.5493  4.6189  10.3873
0.0421  0.2254  0.0658  0.5475  4.6081  10.3822
0.0421  0.2255  0.0658  0.5463  4.6050  10.3829
0.0421  0.2255  0.0658  0.5502  4.6146  10.3798

rate=0.30: 20 rounds
------------------------------------------------
0.0393  0.2104  0.0636  0.5152  4.3953  10.6784
0.0393  0.2102  0.0635  0.5093  4.3796  10.6877
0.0393  0.2102  0.0635  0.5077  4.3797  10.6845
0.0393  0.2104  0.0636  0.5091  4.3744  10.6816
0.0393  0.2103  0.0636  0.5073  4.3798  10.6806
0.0393  0.2105  0.0636  0.5118  4.4035  10.6774
0.0393  0.2104  0.0636  0.5098  4.4053  10.6814
0.0393  0.2104  0.0636  0.5135  4.4079  10.6759
0.0393  0.2104  0.0636  0.5122  4.3941  10.6774
0.0393  0.2105  0.0636  0.5134  4.4058  10.6745
0.0393  0.2105  0.0636  0.5116  4.3936  10.6754
0.0393  0.2105  0.0636  0.5093  4.3849  10.6730
0.0393  0.2105  0.0636  0.5111  4.3775  10.6712
0.0393  0.2103  0.0636  0.5111  4.3682  10.6809
0.0393  0.2103  0.0635  0.5017  4.3702  10.6840
0.0393  0.2102  0.0635  0.5052  4.3731  10.6901
0.0393  0.2103  0.0636  0.5144  4.3819  10.6829
0.0393  0.2104  0.0636  0.5109  4.3795  10.6792
0.0393  0.2105  0.0636  0.5104  4.3856  10.6790
0.0393  0.2105  0.0636  0.5149  4.3965  10.6779

rate=0.35: 20 rounds
------------------------------------------------
0.0365  0.1952  0.0612  0.4782  4.1449  11.0056
0.0364  0.1950  0.0612  0.4730  4.1359  11.0139
0.0364  0.1951  0.0612  0.4692  4.1310  11.0109
0.0365  0.1952  0.0612  0.4719  4.1454  11.0062
0.0365  0.1952  0.0612  0.4685  4.1405  11.0043
0.0365  0.1953  0.0613  0.4752  4.1570  11.0021
0.0365  0.1953  0.0612  0.4744  4.1552  11.0053
0.0365  0.1952  0.0613  0.4767  4.1620  11.0041
0.0365  0.1953  0.0613  0.4782  4.1503  11.0014
0.0365  0.1954  0.0613  0.4768  4.1564  10.9991
0.0365  0.1953  0.0613  0.4731  4.1619  11.0009
0.0365  0.1953  0.0613  0.4741  4.1391  10.9990
0.0365  0.1953  0.0613  0.4730  4.1360  10.9985
0.0365  0.1952  0.0612  0.4744  4.1360  11.0062
0.0365  0.1951  0.0612  0.4634  4.1386  11.0093
0.0364  0.1950  0.0612  0.4684  4.1343  11.0149
0.0365  0.1952  0.0612  0.4774  4.1402  11.0078
0.0365  0.1952  0.0612  0.4758  4.1320  11.0067
0.0365  0.1953  0.0612  0.4748  4.1379  11.0077
0.0365  0.1953  0.0612  0.4790  4.1501  11.0063

rate=0.40: 20 rounds
------------------------------------------------
0.0337  0.1802  0.0588  0.4406  3.9140  11.3542
0.0336  0.1800  0.0588  0.4365  3.8897  11.3629
0.0336  0.1800  0.0588  0.4341  3.8947  11.3585
0.0337  0.1801  0.0588  0.4358  3.9086  11.3558
0.0337  0.1802  0.0588  0.4337  3.9046  11.3521
0.0337  0.1803  0.0589  0.4332  3.9099  11.3484
0.0337  0.1802  0.0588  0.4349  3.9151  11.3542
0.0336  0.1801  0.0588  0.4366  3.9118  11.3556
0.0337  0.1802  0.0588  0.4417  3.9176  11.3514
0.0337  0.1803  0.0589  0.4393  3.9095  11.3473
0.0337  0.1802  0.0589  0.4337  3.9204  11.3481
0.0337  0.1802  0.0589  0.4370  3.9004  11.3484
0.0337  0.1802  0.0589  0.4344  3.9016  11.3506
0.0337  0.1801  0.0588  0.4375  3.9076  11.3566
0.0336  0.1801  0.0588  0.4281  3.9063  11.3614
0.0336  0.1800  0.0588  0.4317  3.9068  11.3623
0.0336  0.1801  0.0588  0.4390  3.8970  11.3586
0.0337  0.1801  0.0588  0.4414  3.9074  11.3583
0.0337  0.1803  0.0588  0.4384  3.9161  11.3580
0.0337  0.1803  0.0588  0.4428  3.9230  11.3536

rate=0.45: 20 rounds
------------------------------------------------
0.0309  0.1652  0.0563  0.4056  3.6614  11.7301
0.0308  0.1650  0.0563  0.4012  3.6395  11.7384
0.0308  0.1650  0.0563  0.3964  3.6511  11.7369
0.0308  0.1651  0.0563  0.4005  3.6560  11.7361
0.0309  0.1652  0.0563  0.3981  3.6406  11.7295
0.0309  0.1653  0.0564  0.3959  3.6605  11.7246
0.0309  0.1652  0.0564  0.4008  3.6541  11.7280
0.0308  0.1650  0.0563  0.3983  3.6479  11.7349
0.0309  0.1651  0.0563  0.4043  3.6709  11.7306
0.0309  0.1652  0.0564  0.4028  3.6496  11.7277
0.0309  0.1652  0.0564  0.3996  3.6596  11.7262
0.0309  0.1652  0.0564  0.4009  3.6298  11.7257
0.0309  0.1652  0.0564  0.4002  3.6440  11.7263
0.0308  0.1651  0.0563  0.4031  3.6602  11.7342
0.0308  0.1651  0.0563  0.3919  3.6543  11.7372
0.0308  0.1650  0.0563  0.3975  3.6517  11.7382
0.0308  0.1651  0.0563  0.4025  3.6470  11.7353
0.0308  0.1651  0.0563  0.4053  3.6490  11.7381
0.0309  0.1652  0.0563  0.4038  3.6557  11.7378
0.0309  0.1653  0.0563  0.4083  3.6616  11.7305

rate=0.50: 20 rounds
------------------------------------------------
0.0281  0.1502  0.0537  0.3674  3.4085  12.1445
0.0280  0.1500  0.0536  0.3671  3.3861  12.1567
0.0280  0.1501  0.0537  0.3615  3.3974  12.1528
0.0280  0.1501  0.0537  0.3674  3.4098  12.1505
0.0281  0.1502  0.0537  0.3654  3.3970  12.1440
0.0281  0.1502  0.0537  0.3612  3.4089  12.1408
0.0281  0.1503  0.0538  0.3665  3.4151  12.1381
0.0280  0.1501  0.0537  0.3636  3.4039  12.1472
0.0281  0.1502  0.0537  0.3700  3.4150  12.1418
0.0281  0.1502  0.0537  0.3679  3.3924  12.1398
0.0281  0.1502  0.0538  0.3636  3.4006  12.1374
0.0281  0.1503  0.0538  0.3656  3.3778  12.1370
0.0281  0.1502  0.0537  0.3641  3.3968  12.1408
0.0281  0.1502  0.0537  0.3674  3.4141  12.1457
0.0280  0.1501  0.0537  0.3559  3.4017  12.1489
0.0280  0.1501  0.0537  0.3632  3.3989  12.1499
0.0281  0.1502  0.0537  0.3658  3.4009  12.1476
0.0281  0.1502  0.0537  0.3688  3.3958  12.1504
0.0281  0.1502  0.0537  0.3689  3.3983  12.1523
0.0281  0.1502  0.0537  0.3704  3.4098  12.1472

rate=0.55: 20 rounds
------------------------------------------------
0.0253  0.1352  0.0510  0.3265  3.1440  12.6026
0.0252  0.1350  0.0509  0.3300  3.1212  12.6127
0.0252  0.1351  0.0509  0.3273  3.1334  12.6068
0.0253  0.1352  0.0509  0.3307  3.1445  12.6037
0.0253  0.1352  0.0510  0.3302  3.1294  12.5969
0.0253  0.1352  0.0510  0.3249  3.1343  12.5937
0.0253  0.1353  0.0510  0.3292  3.1417  12.5958
0.0252  0.1351  0.0509  0.3251  3.1349  12.6048
0.0253  0.1352  0.0510  0.3319  3.1391  12.5979
0.0253  0.1353  0.0510  0.3335  3.1404  12.5920
0.0253  0.1353  0.0510  0.3276  3.1448  12.5899
0.0253  0.1353  0.0510  0.3310  3.1279  12.5910
0.0253  0.1353  0.0510  0.3275  3.1403  12.5959
0.0253  0.1352  0.0510  0.3324  3.1353  12.6007
0.0252  0.1351  0.0509  0.3235  3.1391  12.6070
0.0252  0.1351  0.0509  0.3294  3.1238  12.6083
0.0252  0.1351  0.0509  0.3292  3.1366  12.6083
0.0252  0.1351  0.0509  0.3304  3.1370  12.6111
0.0253  0.1352  0.0509  0.3352  3.1403  12.6134
0.0253  0.1352  0.0509  0.3361  3.1583  12.6073

rate=0.60: 20 rounds
------------------------------------------------
0.0224  0.1201  0.0480  0.2895  2.8670  13.1171
0.0224  0.1199  0.0480  0.2942  2.8552  13.1251
0.0224  0.1200  0.0480  0.2914  2.8501  13.1179
0.0224  0.1201  0.0480  0.2926  2.8628  13.1211
0.0224  0.1201  0.0481  0.2932  2.8425  13.1109
0.0225  0.1202  0.0481  0.2888  2.8666  13.1068
0.0225  0.1202  0.0481  0.2933  2.8682  13.1087
0.0224  0.1200  0.0480  0.2909  2.8672  13.1181
0.0224  0.1202  0.0480  0.2977  2.8723  13.1133
0.0225  0.1202  0.0481  0.2963  2.8651  13.1098
0.0225  0.1202  0.0481  0.2905  2.8645  13.1055
0.0225  0.1202  0.0481  0.2940  2.8563  13.1065
0.0225  0.1202  0.0481  0.2906  2.8631  13.1097
0.0224  0.1201  0.0480  0.2938  2.8551  13.1190
0.0224  0.1201  0.0480  0.2879  2.8600  13.1216
0.0224  0.1201  0.0480  0.2901  2.8507  13.1198
0.0224  0.1201  0.0480  0.2879  2.8570  13.1219
0.0224  0.1200  0.0480  0.2929  2.8649  13.1262
0.0224  0.1201  0.0480  0.2960  2.8731  13.1291
0.0224  0.1202  0.0480  0.2983  2.8664  13.1207

rate=0.65: 20 rounds
------------------------------------------------
0.0196  0.1050  0.0449  0.2509  2.5856  13.7061
0.0196  0.1049  0.0449  0.2564  2.5818  13.7097
0.0196  0.1050  0.0449  0.2530  2.5828  13.7035
0.0196  0.1051  0.0449  0.2552  2.5778  13.7022
0.0196  0.1052  0.0450  0.2555  2.5784  13.6882
0.0196  0.1052  0.0450  0.2505  2.5929  13.6876
0.0196  0.1052  0.0450  0.2555  2.5837  13.6894
0.0196  0.1051  0.0449  0.2543  2.5905  13.6969
0.0196  0.1052  0.0449  0.2591  2.5871  13.6925
0.0196  0.1051  0.0449  0.2571  2.5782  13.6939
0.0197  0.1052  0.0450  0.2534  2.5859  13.6866
0.0196  0.1052  0.0450  0.2566  2.5816  13.6879
0.0196  0.1052  0.0450  0.2553  2.5834  13.6891
0.0196  0.1051  0.0449  0.2568  2.5770  13.7002
0.0196  0.1050  0.0449  0.2499  2.5830  13.7018
0.0196  0.1051  0.0449  0.2518  2.5809  13.6965
0.0196  0.1051  0.0449  0.2503  2.5880  13.6964
0.0196  0.1051  0.0449  0.2532  2.5887  13.7031
0.0196  0.1051  0.0449  0.2565  2.5872  13.7082
0.0196  0.1051  0.0449  0.2610  2.5734  13.7003

rate=0.70: 20 rounds
------------------------------------------------
0.0168  0.0899  0.0415  0.2138  2.2965  14.3776
0.0168  0.0899  0.0415  0.2202  2.2951  14.3814
0.0168  0.0900  0.0416  0.2181  2.2975  14.3731
0.0168  0.0900  0.0416  0.2192  2.2965  14.3736
0.0168  0.0901  0.0416  0.2193  2.2941  14.3641
0.0168  0.0901  0.0416  0.2154  2.3083  14.3604
0.0168  0.0901  0.0416  0.2215  2.3117  14.3645
0.0168  0.0900  0.0416  0.2192  2.3098  14.3730
0.0168  0.0901  0.0416  0.2232  2.3000  14.3651
0.0168  0.0901  0.0416  0.2242  2.2923  14.3638
0.0169  0.0902  0.0416  0.2200  2.3028  14.3557
0.0168  0.0901  0.0416  0.2211  2.2967  14.3627
0.0168  0.0901  0.0416  0.2202  2.2983  14.3624
0.0168  0.0900  0.0416  0.2195  2.2930  14.3741
0.0168  0.0900  0.0416  0.2156  2.2955  14.3737
0.0168  0.0901  0.0416  0.2187  2.2920  14.3681
0.0168  0.0901  0.0416  0.2164  2.2953  14.3681
0.0168  0.0900  0.0415  0.2186  2.3019  14.3769
0.0168  0.0900  0.0415  0.2205  2.2964  14.3845
0.0168  0.0900  0.0415  0.2254  2.2796  14.3775

rate=0.75: 20 rounds
------------------------------------------------
0.0140  0.0749  0.0379  0.1800  1.9937  15.1697
0.0140  0.0749  0.0379  0.1863  1.9965  15.1719
0.0140  0.0749  0.0379  0.1835  2.0009  15.1682
0.0140  0.0750  0.0379  0.1858  1.9851  15.1674
0.0140  0.0751  0.0380  0.1839  2.0010  15.1524
0.0140  0.0751  0.0380  0.1816  2.0069  15.1480
0.0140  0.0751  0.0380  0.1868  2.0144  15.1515
0.0140  0.0750  0.0380  0.1845  2.0048  15.1614
0.0140  0.0751  0.0380  0.1905  2.0102  15.1529
0.0140  0.0751  0.0380  0.1890  1.9984  15.1584
0.0140  0.0752  0.0380  0.1827  1.9900  15.1479
0.0140  0.0751  0.0380  0.1832  2.0016  15.1539
0.0140  0.0751  0.0380  0.1845  2.0004  15.1501
0.0140  0.0751  0.0380  0.1833  1.9945  15.1578
0.0140  0.0751  0.0380  0.1806  1.9972  15.1616
0.0140  0.0751  0.0379  0.1849  1.9979  15.1638
0.0140  0.0751  0.0379  0.1800  1.9973  15.1661
0.0140  0.0750  0.0379  0.1811  1.9997  15.1765
0.0140  0.0750  0.0379  0.1849  1.9968  15.1783
0.0140  0.0750  0.0379  0.1860  1.9934  15.1714

rate=0.80: 20 rounds
------------------------------------------------
0.0112  0.0598  0.0339  0.1429  1.6865  16.1529
0.0112  0.0598  0.0338  0.1453  1.6856  16.1597
0.0112  0.0598  0.0339  0.1432  1.6929  16.1515
0.0112  0.0599  0.0339  0.1467  1.6839  16.1465
0.0112  0.0601  0.0340  0.1457  1.6954  16.1256
0.0112  0.0601  0.0340  0.1442  1.6965  16.1247
0.0112  0.0601  0.0339  0.1496  1.7097  16.1306
0.0112  0.0600  0.0339  0.1461  1.6994  16.1363
0.0112  0.0601  0.0340  0.1514  1.6966  16.1293
0.0112  0.0600  0.0339  0.1501  1.6863  16.1376
0.0112  0.0600  0.0339  0.1465  1.6832  16.1345
0.0112  0.0600  0.0339  0.1472  1.6916  16.1329
0.0112  0.0600  0.0339  0.1474  1.6919  16.1316
0.0112  0.0600  0.0339  0.1464  1.6828  16.1364
0.0112  0.0600  0.0339  0.1442  1.6894  16.1416
0.0112  0.0600  0.0339  0.1502  1.6867  16.1430
0.0112  0.0600  0.0339  0.1423  1.6905  16.1508
0.0112  0.0599  0.0338  0.1459  1.6909  16.1599
0.0112  0.0599  0.0338  0.1473  1.6911  16.1638
0.0112  0.0599  0.0338  0.1489  1.6901  16.1599

rate=0.85: 20 rounds
------------------------------------------------
0.0084  0.0449  0.0293  0.1100  1.3625  17.3976
0.0084  0.0449  0.0293  0.1124  1.3553  17.4087
0.0084  0.0449  0.0293  0.1112  1.3494  17.4097
0.0084  0.0449  0.0293  0.1124  1.3490  17.4009
0.0084  0.0450  0.0294  0.1108  1.3600  17.3756
0.0084  0.0451  0.0294  0.1089  1.3670  17.3741
0.0084  0.0451  0.0294  0.1132  1.3711  17.3739
0.0084  0.0450  0.0294  0.1084  1.3509  17.3826
0.0084  0.0451  0.0294  0.1139  1.3614  17.3714
0.0084  0.0450  0.0294  0.1129  1.3492  17.3794
0.0084  0.0451  0.0294  0.1101  1.3429  17.3757
0.0084  0.0451  0.0294  0.1102  1.3569  17.3706
0.0084  0.0451  0.0294  0.1123  1.3520  17.3724
0.0084  0.0451  0.0294  0.1133  1.3553  17.3721
0.0084  0.0450  0.0294  0.1100  1.3582  17.3839
0.0084  0.0450  0.0294  0.1116  1.3578  17.3844
0.0084  0.0450  0.0293  0.1069  1.3547  17.3959
0.0084  0.0450  0.0293  0.1102  1.3518  17.4047
0.0084  0.0450  0.0293  0.1115  1.3611  17.4159
0.0084  0.0450  0.0293  0.1117  1.3570  17.4076

rate=0.90: 20 rounds
------------------------------------------------
0.0056  0.0299  0.0239  0.0745  0.9775  19.1645
0.0056  0.0299  0.0239  0.0743  0.9815  19.1723
0.0056  0.0299  0.0239  0.0736  0.9756  19.1765
0.0056  0.0299  0.0239  0.0765  0.9738  19.1621
0.0056  0.0300  0.0240  0.0749  0.9759  19.1502
0.0056  0.0301  0.0240  0.0745  0.9884  19.1340
0.0056  0.0301  0.0240  0.0769  0.9857  19.1337
0.0056  0.0301  0.0240  0.0705  0.9804  19.1297
0.0056  0.0301  0.0240  0.0752  0.9814  19.1288
0.0056  0.0300  0.0240  0.0721  0.9709  19.1359
0.0056  0.0300  0.0240  0.0713  0.9676  19.1355
0.0056  0.0300  0.0240  0.0713  0.9750  19.1375
0.0056  0.0300  0.0240  0.0747  0.9790  19.1338
0.0056  0.0300  0.0240  0.0718  0.9778  19.1334
0.0056  0.0300  0.0240  0.0702  0.9793  19.1415
0.0056  0.0300  0.0240  0.0699  0.9794  19.1441
0.0056  0.0300  0.0239  0.0662  0.9797  19.1603
0.0056  0.0300  0.0239  0.0688  0.9797  19.1622
0.0056  0.0300  0.0239  0.0738  0.9815  19.1745
0.0056  0.0300  0.0239  0.0727  0.9883  19.1670

